#! FIELDS dist file.free der_dist
#! SET min_dist 0.199134
#! SET max_dist 0.751152
#! SET nbins_dist  158
#! SET periodic_dist false
    0.199134000   55.679514424   -0.417620903
    0.202650038   55.676846568   -1.225508894
    0.206166076   55.666228528   -5.695149968
    0.209682115   55.626352403  -19.586737054
    0.213198153   55.505683919  -53.169008005
    0.216714191   55.205954598 -124.956092626
    0.220230229   54.552576641 -259.988592247
    0.223746268   53.280516720 -479.278600670
    0.227262306   51.066485759 -796.438841259
    0.230778344   47.587192123 -1192.669636564
    0.234294382   42.658427781 -1606.873588332
    0.237810420   36.372398719 -1948.503726186
    0.241326459   29.163494893 -2116.395819195
    0.244842497   21.756755048 -2056.651282314
    0.248358535   14.961097541 -1777.098505019
    0.251874573    9.426062150 -1357.985996293
    0.255390611    5.439479536 -918.270490122
    0.258906650    2.884865965 -552.648097463
    0.262422688    1.413373823 -305.178215143
    0.265938726    0.613415811 -164.358958576
    0.269454764    0.186211001  -84.734883279
    0.272970803    0.000000000  -22.725627717
    0.276486841    0.024136872   36.208236681
    0.280002879    0.245655658   88.122695942
    0.283518917    0.633851008  131.016719029
    0.287034955    1.150384048  160.519220501
    0.290550994    1.756019130  184.377834676
    0.294067032    2.452348425  211.439413637
    0.297583070    3.237451392  234.229657348
    0.301099108    4.098589666  253.630073053
    0.304615146    5.002996276  258.572453518
    0.308131185    5.892948366  244.634564210
    0.311647223    6.712477778  222.459191979
    0.315163261    7.455310239  202.699724415
    0.318679299    8.158454848  200.964225892
    0.322195338    8.878997992  209.629315450
    0.325711376    9.622969394  211.263148535
    0.329227414   10.333928713  191.749753821
    0.332743452   10.945116042  151.866260389
    0.336259490   11.400161331  108.742929819
    0.339775529   11.738159663   88.278556061
    0.343291567   12.048860898   92.845800618
    0.346807605   12.399887625  106.862704184
    0.350323643   12.788337371  110.134862160
    0.353839682   13.147074324   89.236290512
    0.357355720   13.386171555   42.340230429
    0.360871758   13.437110804  -14.505629813
    0.364387796   13.296472858  -63.437943312
    0.367903834   13.023840481  -86.139400253
    0.371419873   12.726168050  -78.599319517
    0.374935911   12.493822377  -52.214270034
    0.378451949   12.347267911  -33.610850923
    0.381967987   12.234661490  -36.013452189
    0.385484025   12.061666991  -65.000922208
    0.389000064   11.776415748  -96.686709165
    0.392516102   11.395589091 -114.861720189
    0.396032140   10.992063107 -110.426065399
    0.399548178   10.639138505  -89.842250884
    0.403064217   10.364256420  -68.462695971
    0.406580255   10.147421242  -57.719685342
    0.410096293    9.935744411  -65.206862489
    0.413612331    9.663512296  -91.453371655
    0.417128369    9.279460249 -127.952759154
    0.420644408    8.770078044 -159.701609350
    0.424160446    8.187314569 -168.052671858
    0.427676484    7.624347064 -147.627993904
    0.431192522    7.168793383 -110.890565036
    0.434708561    6.839956867  -79.057025291
    0.438224599    6.585684329  -71.790794706
    0.441740637    6.305497877  -90.718335606
    0.445256675    5.936376162 -118.615546165
    0.448772713    5.490570033 -131.193944021
    0.452288752    5.047429831 -118.321508796
    0.455804790    4.680465084  -86.756900610
    0.459320828    4.440635575  -51.432033231
    0.462836866    4.310074597  -24.154277138
    0.466352904    4.247204408  -13.581403525
    0.469868943    4.203169096  -14.510894364
    0.473384981    4.135820845  -25.021378136
    0.476901019    4.015176029  -43.429994390
    0.480417057    3.826685478  -59.112721008
    0.483933096    3.619440034  -53.730597854
    0.487449134    3.474719475  -25.307934569
    0.490965172    3.448033837   10.192669157
    0.494481210    3.528181005   29.996470374
    0.497997248    3.617443751   16.925329045
    0.501513287    3.621618929  -16.618804273
    0.505029325    3.502556702  -48.311344507
    0.508545363    3.314048638  -53.233344680
    0.512061401    3.161946314  -30.355709457
    0.515577439    3.110200245   -0.496096391
    0.519093478    3.141485519   14.463574150
    0.522609516    3.184486322    6.274323638
    0.526125554    3.165445836  -16.010915982
    0.529641592    3.080268298  -29.016191997
    0.533157631    2.980347735  -25.307547081
    0.536673669    2.912054406  -13.429312193
    0.540189707    2.890350101   -1.336370812
    0.543705745    2.911588567   12.880824732
    0.547221783    2.987743065   32.297342430
    0.550737822    3.143224440   56.844451480
    0.554253860    3.377589847   74.408384094
    0.557769898    3.642210024   72.640108177
    0.561285936    3.872581834   55.813136370
    0.564801975    4.034412558   36.417217490
    0.568318013    4.149769149   33.124018514
    0.571834051    4.284702638   44.479340965
    0.575350089    4.464746143   56.578758330
    0.578866127    4.667778420   56.803662830
    0.582382166    4.852702620   45.546270137
    0.585898204    4.982108343   28.636717622
    0.589414242    5.053968017   11.515390227
    0.592930280    5.065183633   -5.453181371
    0.596446318    5.023878425  -15.927126672
    0.599962357    4.976059762   -6.744369391
    0.603478395    5.007197094   27.563339524
    0.606994433    5.186949919   76.493037804
    0.610510471    5.532926911  116.144420127
    0.614026510    5.967439428  127.802565450
    0.617542548    6.398569170  117.140271697
    0.621058586    6.797885351  111.578972266
    0.624574624    7.217791432  131.129125613
    0.628090662    7.745035721  172.253306967
    0.631606701    8.433448498  218.901612259
    0.635122739    9.263556309  253.425942491
    0.638638777   10.221561861  292.202068275
    0.642154815   11.323180828  335.204838058
    0.645670854   12.590879639  385.706817440
    0.649186892   14.023832397  426.822593699
    0.652702930   15.567049328  444.931533982
    0.656218968   17.118256028  435.984086550
    0.659735006   18.628273608  425.627965663
    0.663251045   20.144197309  441.585297954
    0.666767083   21.776511183  491.561954196
    0.670283121   23.610285606  551.518757328
    0.673799159   25.635863859  595.013608588
    0.677315197   27.754351526  606.731828914
    0.680831236   29.889110505  607.853934199
    0.684347274   32.057584987  634.007013590
    0.687863312   34.399515975  706.191894012
    0.691379350   37.054807140  804.547146893
    0.694895389   40.026484095  876.309726905
    0.698411427   43.131596858  876.745751069
    0.701927465   46.096945519  798.099596880
    0.705443503   48.678971339  666.223258901
    0.708959541   50.768998034  522.951176438
    0.712475580   52.369714943  391.555297282
    0.715991618   53.550718599  283.171767335
    0.719507656   54.390795688  197.608584451
    0.723023694   54.959067203  128.614171654
    0.726539732   55.308214226   74.404929124
    0.730055771   55.505104748   40.500788051
    0.733571809   55.608222478   19.476641853
    0.737087847   55.654349876    8.313589832
    0.740603885   55.672562260    2.959489078
    0.744119924   55.679054535    1.027368817
    0.747635962   55.679514524   -0.000000000
    0.751152000   55.679514524   -0.000000000
