#! FIELDS dist file.free der_dist
#! SET min_dist 0.199134
#! SET max_dist 0.751152
#! SET nbins_dist  158
#! SET periodic_dist false
    0.199134000   53.556421535   -0.417620903
    0.202650038   53.553753680   -1.225508894
    0.206166076   53.543135640   -5.695149968
    0.209682115   53.503960586  -18.925824929
    0.213198153   53.387647843  -51.139010257
    0.216714191   53.100954031 -119.171842017
    0.220230229   52.479824475 -246.719042298
    0.223746268   51.275351151 -453.070930082
    0.227262306   49.185426958 -751.083685407
    0.230778344   45.905839569 -1124.123761086
    0.234294382   41.257380655 -1516.918846497
    0.237810420   35.312580183 -1846.606668642
    0.241326459   28.460366827 -2018.300014228
    0.244842497   21.367448516 -1978.590708046
    0.248358535   14.795110390 -1728.948961948
    0.251874573    9.375848515 -1339.318466187
    0.255390611    5.415804222 -919.745980127
    0.258906650    2.839285529 -561.526960722
    0.262422688    1.339616753 -310.982465353
    0.265938726    0.533763921 -161.545328746
    0.269454764    0.132610560  -73.015299701
    0.272970803    0.000000000   -4.412881314
    0.276486841    0.095621523   58.121949833
    0.280002879    0.397131127  111.532012656
    0.283518917    0.866654516  153.579653965
    0.287034955    1.458276741  180.173485999
    0.290550994    2.122997237  197.632408569
    0.294067032    2.849586561  214.987526811
    0.297583070    3.627901106  226.925405391
    0.301099108    4.447383476  238.134783513
    0.304615146    5.291699817  241.078271449
    0.308131185    6.126948894  231.942587601
    0.311647223    6.915080517  217.227595465
    0.315163261    7.648511415  201.584391413
    0.318679299    8.344000989  196.384056479
    0.322195338    9.031181654  194.260473070
    0.325711376    9.696873468  182.039765077
    0.329227414   10.283815039  151.295232890
    0.332743452   10.743157827  107.328416239
    0.336259490   11.048278613   69.453933959
    0.339775529   11.269371017   62.257868714
    0.343291567   11.520749489   85.593494577
    0.346807605   11.881026458  119.114275359
    0.350323643   12.341795536  138.044066384
    0.353839682   12.816163813  125.767796352
    0.357355720   13.187133364   79.609694683
    0.360871758   13.360331652   16.820042369
    0.364387796   13.313102135  -42.004577397
    0.367903834   13.095923368  -76.098522844
    0.371419873   12.814117154  -79.265643650
    0.374935911   12.563187685  -61.699661292
    0.378451949   12.371933639  -49.159632708
    0.381967987   12.198296592  -54.682008152
    0.385484025   11.958259308  -83.970492400
    0.389000064   11.609429734 -113.499776381
    0.392516102   11.175036380 -128.510739163
    0.396032140   10.728371790 -121.736024114
    0.399548178   10.336021158 -101.362247379
    0.403064217   10.016383369  -82.747228907
    0.406580255    9.743405268  -75.105504162
    0.410096293    9.469309991  -82.587170463
    0.413612331    9.144671775 -102.992168209
    0.417128369    8.738155891 -128.439561255
    0.420644408    8.251142111 -146.484820049
    0.424160446    7.736916998 -142.918087886
    0.427676484    7.275967702 -115.704302922
    0.431192522    6.934559767  -79.077222769
    0.434708561    6.708033898  -53.434439021
    0.438224599    6.526416484  -56.476551539
    0.441740637    6.280454396  -86.257751336
    0.445256675    5.910423703 -122.969476690
    0.448772713    5.439575185 -140.326002997
    0.452288752    4.963052592 -127.353947677
    0.455804790    4.570786812  -91.565460740
    0.459320828    4.325326839  -49.609620551
    0.462836866    4.212436370  -16.199739635
    0.466352904    4.184240114   -2.521042435
    0.469868943    4.177612430   -5.136454123
    0.473384981    4.133067210  -22.254564560
    0.476901019    4.005021231  -50.757073463
    0.480417057    3.771100905  -77.508094340
    0.483933096    3.482244507  -81.210451340
    0.487449134    3.230764796  -57.720963407
    0.490965172    3.088729208  -22.269820022
    0.494481210    3.060019399    0.978627389
    0.497997248    3.055861922   -7.130769995
    0.501513287    2.983355230  -36.374953937
    0.505029325    2.800830755  -64.677262484
    0.508545363    2.560369081  -66.206048342
    0.512061401    2.371032620  -38.105712574
    0.515577439    2.304172333   -1.042223902
    0.519093478    2.347610862   21.933039058
    0.522609516    2.428921709   20.147768815
    0.526125554    2.465366693    1.086073528
    0.529641592    2.441070219  -11.967899183
    0.533157631    2.397506602  -10.517986377
    0.536673669    2.376041813   -1.580123589
    0.540189707    2.390654349    7.420500843
    0.543705745    2.436642329   18.052932039
    0.547221783    2.522851468   32.579157082
    0.550737822    2.668590810   50.823202522
    0.554253860    2.869920901   61.575495947
    0.557769898    3.078586561   53.950683745
    0.561285936    3.236579334   33.764091988
    0.564801975    3.319579231   14.177223278
    0.568318013    3.361154617   13.923321023
    0.571834051    3.438288107   31.215782453
    0.575350089    3.584849141   50.961033352
    0.578866127    3.781870105   58.753727490
    0.582382166    3.983774210   52.674911854
    0.585898204    4.141677309   37.036828407
    0.589414242    4.239840606   17.668633962
    0.592930280    4.266205610   -3.042206918
    0.596446318    4.227594160  -16.476978697
    0.599962357    4.175686652   -8.172050453
    0.603478395    4.202825931   26.984059564
    0.606994433    4.383476162   77.738607511
    0.610510471    4.737481622  119.456373434
    0.614026510    5.187059246  133.010303801
    0.617542548    5.638673375  123.391175783
    0.621058586    6.059342890  117.092014907
    0.624574624    6.494017263  133.534001457
    0.628090662    7.020717875  169.351499765
    0.631606701    7.688215861  209.845017574
    0.635122739    8.477391117  239.375485549
    0.638638777    9.379667865  275.037854492
    0.642154815   10.418682908  317.171468333
    0.645670854   11.625157833  369.357944889
    0.649186892   13.007853248  415.035380512
    0.652702930   14.522482083  440.644707618
    0.656218968   16.072200409  439.350540848
    0.659735006   17.604365650  434.218166631
    0.663251045   19.153492695  451.220817320
    0.666767083   20.817259213  499.746994749
    0.670283121   22.681440924  561.181613985
    0.673799159   24.750697304  611.224825533
    0.677315197   26.945171998  634.192850930
    0.680831236   29.195895995  645.572911972
    0.684347274   31.504372291  674.121971530
    0.687863312   33.974344561  736.921155251
    0.691379350   36.705047099  815.279826112
    0.694895389   39.669863905  861.127174134
    0.698411427   42.674082799  834.865421823
    0.701927465   45.450615078  733.543446467
    0.705443503   47.777302177  587.112178918
    0.708959541   49.579092976  440.127397303
    0.712475580   50.898773653  316.150064939
    0.715991618   51.840197932  223.243270224
    0.719507656   52.501772697  156.025259058
    0.723023694   52.954266213  103.616960255
    0.726539732   53.237520838   61.381979173
    0.730055771   53.402368322   34.556158375
    0.733571809   53.491485461   17.035040338
    0.737087847   53.532186578    7.439126406
    0.740603885   53.549469371    2.959489078
    0.744119924   53.555961646    1.027368817
    0.747635962   53.556421636   -0.000000000
    0.751152000   53.556421636   -0.000000000
