#! FIELDS dist file.free der_dist
#! SET min_dist 0.199134
#! SET max_dist 0.751152
#! SET nbins_dist  158
#! SET periodic_dist false
    0.199134000   48.482655479   -0.000000000
    0.202650038   48.482655479   -0.000000000
    0.206166076   48.479333115   -2.372341635
    0.209682115   48.460345446  -10.143708334
    0.213198153   48.392391099  -31.306981667
    0.216714191   48.206662918  -80.064607262
    0.220230229   47.771853620 -178.169520359
    0.223746268   46.875336976 -344.938899745
    0.227262306   45.245635186 -596.900893355
    0.230778344   42.588232955 -925.637959783
    0.234294382   38.696096770 -1288.734207714
    0.237810420   33.567152321 -1616.269507310
    0.241326459   27.478128667 -1820.381742598
    0.244842497   20.977997670 -1843.155112894
    0.248358535   14.750746865 -1668.150102454
    0.251874573    9.428021846 -1341.279647552
    0.255390611    5.393395184 -954.328560315
    0.258906650    2.688471357 -594.973227743
    0.262422688    1.108695647 -320.925117629
    0.265938726    0.318430749 -143.648287587
    0.269454764    0.013033939  -39.306838203
    0.272970803    0.000000000   26.414997614
    0.276486841    0.173879619   69.763697651
    0.280002879    0.472220778   97.627927572
    0.283518917    0.851007857  117.190924422
    0.287034955    1.289264466  131.399939916
    0.290550994    1.779792376  149.315174387
    0.294067032    2.353124537  177.473844244
    0.297583070    3.027735137  205.912782578
    0.301099108    3.803845235  234.268188631
    0.304615146    4.660130523  250.865435615
    0.308131185    5.545820772  249.695884770
    0.311647223    6.401678460  236.958265923
    0.315163261    7.201202718  219.050560320
    0.318679299    7.952318374  210.500960056
    0.322195338    8.685950922  206.790278990
    0.325711376    9.394623266  194.299405426
    0.329227414   10.026252190  164.392957896
    0.332743452   10.532167767  120.611254031
    0.336259490   10.884570633   83.042099975
    0.339775529   11.154256866   76.509483637
    0.343291567   11.457497197  100.725823694
    0.346807605   11.868394474  131.882007598
    0.350323643   12.359468572  141.032792379
    0.353839682   12.814751013  111.029277840
    0.357355720   13.096645333   43.989471440
    0.360871758   13.116449869  -33.082354472
    0.364387796   12.888133833  -92.390064237
    0.367903834   12.516398606 -111.191293516
    0.371419873   12.154190662  -89.000821625
    0.374935911   11.915367514  -45.956846899
    0.378451949   11.813391090  -15.916051178
    0.381967987   11.771332997  -14.689493599
    0.385484025   11.672660561  -44.395816260
    0.389000064   11.457301144  -77.306229095
    0.392516102   11.143996591  -95.897023288
    0.396032140   10.805045106  -93.132980144
    0.399548178   10.502307392  -79.767595494
    0.403064217   10.238466178  -73.692807561
    0.406580255    9.966458299  -84.221104573
    0.410096293    9.624627998 -111.761730634
    0.413612331    9.168562420 -147.442532613
    0.417128369    8.593482712 -177.831346580
    0.420644408    7.941564091 -188.991914816
    0.424160446    7.304250717 -169.647610503
    0.427676484    6.778520047 -126.378739046
    0.431192522    6.418276257  -80.619285799
    0.434708561    6.188965184  -54.770904008
    0.438224599    5.996792342  -61.334170975
    0.441740637    5.730899975  -91.652474498
    0.445256675    5.351470208 -121.619722329
    0.448772713    4.906164237 -126.532160618
    0.452288752    4.501221967 -100.749480953
    0.455804790    4.218439999  -56.957290022
    0.459320828    4.099611738  -13.254926120
    0.462836866    4.110002489   16.977160214
    0.466352904    4.188413563   24.786648966
    0.469868943    4.265776529   15.183968411
    0.473384981    4.279357960   -9.581886905
    0.476901019    4.181581484  -45.964313197
    0.480417057    3.953651151  -78.414730125
    0.483933096    3.657869302  -83.485940451
    0.487449134    3.403280522  -56.369354288
    0.490965172    3.276537412  -14.914719310
    0.494481210    3.282375280   12.486274289
    0.497997248    3.317717483    2.763516329
    0.501513287    3.267295608  -34.502171317
    0.505029325    3.072733679  -73.504110144
    0.508545363    2.785765379  -83.178400457
    0.512061401    2.530935603  -57.422422466
    0.515577439    2.400884749  -17.000807887
    0.519093478    2.398525235   12.025189139
    0.522609516    2.456424343   16.754049678
    0.526125554    2.490822747    3.238165058
    0.529641592    2.483702477   -4.413785126
    0.533157631    2.476518687    2.549485579
    0.536673669    2.510762256   17.018290447
    0.540189707    2.599731908   30.962011728
    0.543705745    2.734649439   44.827129490
    0.547221783    2.916707363   59.720365196
    0.550737822    3.153882794   75.066259410
    0.554253860    3.429467413   79.058457234
    0.557769898    3.684866659   63.058725664
    0.561285936    3.862039768   36.163686087
    0.564801975    3.948285967   14.589139623
    0.568318013    3.995001984   17.185023596
    0.571834051    4.091493003   38.714042908
    0.575350089    4.266034110   58.073350314
    0.578866127    4.473529871   55.791657367
    0.582382166    4.631928216   29.335948252
    0.585898204    4.664206746  -11.471406412
    0.589414242    4.552108203  -51.861985211
    0.592930280    4.315670459  -80.110704062
    0.596446318    4.020181973  -82.650855518
    0.599962357    3.778210601  -47.990682349
    0.603478395    3.724180183   20.922514427
    0.606994433    3.940653792  102.739503427
    0.610510471    4.421971885  164.948717275
    0.614026510    5.046941872  185.403555631
    0.617542548    5.677952437  171.290909368
    0.621058586    6.249904334  154.637162822
    0.624574624    6.796063087  159.521510753
    0.628090662    7.399096443  187.316350701
    0.631606701    8.122095637  223.770510600
    0.635122739    8.957711890  251.370413666
    0.638638777    9.895722659  282.869520835
    0.642154815   10.949328859  317.176409651
    0.645670854   12.138966727  360.291306735
    0.649186892   13.478553036  400.696580471
    0.652702930   14.945898346  429.518779910
    0.656218968   16.476722050  440.869483589
    0.659735006   18.043594007  452.065195414
    0.663251045   19.676536047  479.821961785
    0.666767083   21.442706064  526.205985943
    0.670283121   23.370236771  568.270514812
    0.673799159   25.411902476  587.233233565
    0.677315197   27.468835921  579.871814131
    0.680831236   29.487917163  570.492614911
    0.684347274   31.516332951  592.335093800
    0.687863312   33.702887353  658.183331493
    0.691379350   36.164078730  739.928528287
    0.694895389   38.857532020  780.283555640
    0.698411427   41.552057552  737.848683162
    0.701927465   43.947737951  613.230525688
    0.705443503   45.810604899  443.839669736
    0.708959541   47.077648034  281.028155306
    0.712475580   47.828233211  154.140771153
    0.715991618   48.216744992   73.695602795
    0.719507656   48.393288040   31.515433768
    0.723023694   48.464192394   11.509265196
    0.726539732   48.481291492    1.460374057
    0.730055771   48.482655479   -0.000000000
    0.733571809   48.482655479   -0.000000000
    0.737087847   48.482655479   -0.000000000
    0.740603885   48.482655479   -0.000000000
    0.744119924   48.482655479   -0.000000000
    0.747635962   48.482655479   -0.000000000
    0.751152000   48.482655479   -0.000000000
