#! FIELDS dist file.free der_dist
#! SET min_dist 0.199134
#! SET max_dist 0.751152
#! SET nbins_dist  158
#! SET periodic_dist false
    0.199134000   49.427334215   -0.000000000
    0.202650038   49.427334215   -0.000000000
    0.206166076   49.424011852   -2.372341635
    0.209682115   49.404818745  -10.342885037
    0.213198153   49.335012025  -32.159810977
    0.216714191   49.143898866  -82.438833011
    0.220230229   48.696077993 -183.506455487
    0.223746268   47.772606570 -355.361823850
    0.227262306   46.093979773 -614.622304751
    0.230778344   43.359355994 -951.886195642
    0.234294382   39.361502049 -1322.157250435
    0.237810420   34.108178878 -1652.707702328
    0.241326459   27.894131566 -1854.138579555
    0.244842497   21.287516308 -1869.431764828
    0.248358535   14.983430508 -1685.663417898
    0.251874573    9.611568593 -1352.352570672
    0.255390611    5.543500912 -962.963861272
    0.258906650    2.807876381 -604.097064350
    0.262422688    1.194087411 -331.013522616
    0.265938726    0.368572258 -153.334797735
    0.269454764    0.032746620  -46.649919138
    0.272970803    0.000000000   22.642793919
    0.276486841    0.167075379   69.658597466
    0.280002879    0.470729609  100.596791780
    0.283518917    0.864236771  122.447003187
    0.287034955    1.323108092  137.657020404
    0.290550994    1.835384951  155.218466933
    0.294067032    2.427604460  182.275469574
    0.297583070    3.117597078  210.141810664
    0.301099108    3.910342512  239.971720721
    0.304615146    4.793443738  260.889185561
    0.308131185    5.724734149  265.639290910
    0.311647223    6.645747351  257.641135416
    0.315163261    7.521373108  240.777619716
    0.318679299    8.343350627  228.306677142
    0.322195338    9.126359748  216.702519185
    0.325711376    9.854550676  195.588245261
    0.329227414   10.478645027  159.385731062
    0.332743452   10.961655076  113.269034047
    0.336259490   11.289125703   76.573084388
    0.339775529   11.540133085   72.411085936
    0.343291567   11.832538212   98.479106267
    0.346807605   12.236594271  129.950715761
    0.350323643   12.719508592  138.134654723
    0.353839682   13.161731521  106.402715156
    0.357355720   13.424244197   37.652799963
    0.360871758   13.419655330  -40.359959592
    0.364387796   13.166854155  -98.598104702
    0.367903834   12.779453497 -113.384579997
    0.371419873   12.420977860  -84.298169583
    0.374935911   12.213022818  -33.089861890
    0.378451949   12.168989373    3.649848038
    0.381967987   12.202365405    7.938975438
    0.385484025   12.182206182  -23.104102386
    0.389000064   12.034531181  -60.503116001
    0.392516102   11.769872007  -85.060750136
    0.396032140   11.458464588  -88.301090000
    0.399548178   11.162889203  -80.465170780
    0.403064217   10.887811333  -79.219086266
    0.406580255   10.589655018  -93.275228744
    0.410096293   10.213032572 -122.134534340
    0.413612331    9.721453290 -156.897318539
    0.417128369    9.116641217 -185.248317210
    0.420644408    8.442155894 -194.538342761
    0.424160446    7.786639746 -174.580130771
    0.427676484    7.243767869 -131.169367474
    0.431192522    6.867874061  -84.536960250
    0.434708561    6.628271406  -56.511761905
    0.438224599    6.434159117  -60.840011007
    0.441740637    6.171603927  -90.695135682
    0.445256675    5.792105543 -123.135495162
    0.448772713    5.333820182 -132.651625565
    0.452288752    4.898920476 -111.556306133
    0.455804790    4.572157751  -70.814867778
    0.459320828    4.402899602  -27.712499581
    0.462836866    4.364761622    4.138854753
    0.466352904    4.403533927   15.309485588
    0.469868943    4.455576004   10.463016593
    0.473384981    4.462543317   -8.485825361
    0.476901019    4.379510910  -38.766460459
    0.480417057    4.185913698  -66.421807089
    0.483933096    3.936826939  -69.426820238
    0.487449134    3.730382458  -43.611024491
    0.490965172    3.641995216   -6.172625048
    0.494481210    3.669239624   15.890479310
    0.497997248    3.707756265    1.321762520
    0.501513287    3.646023035  -39.202277817
    0.505029325    3.432227569  -79.379435478
    0.508545363    3.125401990  -88.324214603
    0.512061401    2.855938526  -60.489083409
    0.515577439    2.718914043  -17.946578853
    0.519093478    2.716109708   12.530127836
    0.522609516    2.776291672   17.261577262
    0.526125554    2.810116221    2.177173141
    0.529641592    2.795146008   -7.865274550
    0.533157631    2.771475573   -3.268520882
    0.536673669    2.782241131    9.726794246
    0.540189707    2.845466865   23.871093783
    0.543705745    2.957642534   39.111368149
    0.547221783    3.122662518   55.771860035
    0.550737822    3.348523158   72.479056198
    0.554253860    3.616468176   77.218148417
    0.557769898    3.866671229   61.984591708
    0.561285936    4.042903894   36.917924716
    0.564801975    4.137175190   18.636408822
    0.568318013    4.205546027   25.474150951
    0.571834051    4.338271832   50.873018230
    0.575350089    4.559664348   72.145891065
    0.578866127    4.816485846   69.290104663
    0.582382166    5.017213191   39.579784890
    0.585898204    5.077027207   -6.162328382
    0.589414242    4.974188506  -51.882286102
    0.592930280    4.729030657  -84.856948280
    0.596446318    4.410251381  -90.852373258
    0.599962357    4.136255148  -57.685296562
    0.603478395    4.048044484   11.513020286
    0.606994433    4.234093593   95.146641220
    0.610510471    4.693506491  159.979270166
    0.614026510    5.304283387  181.951583600
    0.617542548    5.921140724  166.170952227
    0.621058586    6.466635417  144.036398141
    0.624574624    6.962312813  141.293006971
    0.628090662    7.488808020  162.563107349
    0.631606701    8.120382734  197.615721267
    0.635122739    8.871989960  230.986598347
    0.638638777    9.757664635  274.232196151
    0.642154815   10.806200033  323.008640998
    0.645670854   12.039754852  378.847380581
    0.649186892   13.460588856  427.506144497
    0.652702930   15.029042581  459.506269911
    0.656218968   16.665177862  470.319373715
    0.659735006   18.331513977  479.000006323
    0.663251045   20.054159425  503.986428899
    0.666767083   21.901528086  548.464784775
    0.670283121   23.906093957  590.019512079
    0.673799159   26.024512437  609.208545323
    0.677315197   28.158278352  601.511592752
    0.680831236   30.250690104  590.200813241
    0.684347274   32.342733152  608.547751537
    0.687863312   34.578357790  669.841455383
    0.691379350   37.072681582  747.150493065
    0.694895389   39.785538522  784.284373743
    0.698411427   42.490007857  739.732320911
    0.701927465   44.890180998  614.027241823
    0.705443503   46.754840007  444.133321212
    0.708959541   48.022326771  281.028155306
    0.712475580   48.772911948  154.140771153
    0.715991618   49.161423728   73.695602795
    0.719507656   49.337966777   31.515433768
    0.723023694   49.408871131   11.509265196
    0.726539732   49.425970229    1.460374057
    0.730055771   49.427334215   -0.000000000
    0.733571809   49.427334215   -0.000000000
    0.737087847   49.427334215   -0.000000000
    0.740603885   49.427334215   -0.000000000
    0.744119924   49.427334215   -0.000000000
    0.747635962   49.427334215   -0.000000000
    0.751152000   49.427334215   -0.000000000
