#! FIELDS dist file.free der_dist
#! SET min_dist 0.199134
#! SET max_dist 0.751152
#! SET nbins_dist  158
#! SET periodic_dist false
    0.199134000   50.208696052   -0.000000000
    0.202650038   50.208696052   -0.000000000
    0.206166076   50.205373689   -2.372341635
    0.209682115   50.186030639  -10.513629359
    0.213198153   50.114220807  -33.188138993
    0.216714191   49.916671757  -85.340129499
    0.220230229   49.452822747 -190.127347735
    0.223746268   48.495229832 -368.671288823
    0.227262306   46.753252806 -637.847156836
    0.230778344   43.916401431 -986.893541584
    0.234294382   39.776399917 -1367.360260570
    0.237810420   34.354579585 -1701.913111627
    0.241326459   27.974523563 -1897.647061956
    0.244842497   21.239022000 -1898.025110533
    0.248358535   14.867883676 -1695.035690662
    0.251874573    9.493860499 -1345.183862140
    0.255390611    5.468914006 -947.133407044
    0.258906650    2.790770237 -588.577877607
    0.262422688    1.221327104 -322.014668765
    0.265938726    0.412285827 -152.971942586
    0.269454764    0.064430193  -53.404225508
    0.272970803    0.000000000   12.016855895
    0.276486841    0.128490887   58.899799103
    0.280002879    0.398428150   92.475221514
    0.283518917    0.770685193  118.702759913
    0.287034955    1.224156062  138.161258465
    0.290550994    1.743587546  158.471746192
    0.294067032    2.348918120  186.170585946
    0.297583070    3.050820510  212.637927481
    0.301099108    3.847314907  239.385929333
    0.304615146    4.720951329  255.961973146
    0.308131185    5.626804537  256.191850714
    0.311647223    6.508183789  244.938516324
    0.315163261    7.337737907  227.818059407
    0.318679299    8.119173109  218.803221747
    0.322195338    8.879307837  213.560534916
    0.325711376    9.609345006  199.663249837
    0.329227414   10.257711151  168.648490399
    0.332743452   10.777057992  123.911808072
    0.336259490   11.137420068   83.883828980
    0.339775529   11.402461919   72.537154510
    0.343291567   11.679523250   89.586662730
    0.346807605   12.037620736  113.272992560
    0.350323643   12.454993393  118.590027278
    0.353839682   12.833507754   90.777370135
    0.357355720   13.056745900   31.514792427
    0.360871758   13.050329253  -35.480880221
    0.364387796   12.829530448  -86.286148110
    0.367903834   12.487833397 -101.076463136
    0.371419873   12.160585085  -79.871416751
    0.374935911   11.947885459  -40.503026314
    0.378451949   11.857291882  -15.066256101
    0.381967987   11.810121369  -18.428640856
    0.385484025   11.689599703  -53.243049747
    0.389000064   11.433533952  -91.692713100
    0.392516102   11.060493346 -115.114035389
    0.396032140   10.649693013 -114.129121804
    0.399548178   10.277666362  -97.189209738
    0.403064217    9.968150701  -81.275380456
    0.406580255    9.693707462  -77.592966767
    0.410096293    9.402427942  -89.962144105
    0.413612331    9.044430010 -114.433883125
    0.417128369    8.593682938 -141.544982352
    0.420644408    8.062520139 -157.988691159
    0.424160446    7.513969905 -150.946637508
    0.427676484    7.029493463 -121.421837108
    0.431192522    6.667944711  -85.265481563
    0.434708561    6.416187642  -61.564576900
    0.438224599    6.205268311  -64.435650656
    0.441740637    5.936652709  -90.500464193
    0.445256675    5.563509315 -120.335925727
    0.448772713    5.112626059 -132.258408989
    0.452288752    4.666599710 -119.067707473
    0.455804790    4.294834241  -89.051950841
    0.459320828    4.043382997  -55.685344100
    0.462836866    3.896000342  -29.047537687
    0.466352904    3.818268108  -16.754209450
    0.469868943    3.767485328  -15.316581286
    0.473384981    3.698720719  -25.760502696
    0.476901019    3.568698931  -48.749632999
    0.480417057    3.347630482  -72.691270586
    0.483933096    3.077674115  -75.425581495
    0.487449134    2.847921403  -50.801888981
    0.490965172    2.733857451  -13.191689473
    0.494481210    2.741207183   12.153466016
    0.497997248    2.776990467    3.922940339
    0.501513287    2.738724268  -28.259444180
    0.505029325    2.578309952  -60.078191790
    0.508545363    2.351188072  -62.649001512
    0.512061401    2.178193554  -31.915455235
    0.515577439    2.140909426    9.497679256
    0.519093478    2.226515706   34.739346891
    0.522609516    2.350906307   31.158481144
    0.526125554    2.417154804    6.725701635
    0.529641592    2.402322965  -12.035424706
    0.533157631    2.351717164  -14.009323162
    0.536673669    2.316650174   -5.415065295
    0.540189707    2.321188386    5.778206683
    0.543705745    2.366015110   18.984664573
    0.547221783    2.458810584   35.143358919
    0.550737822    2.614259109   53.496920803
    0.554253860    2.822981494   62.992412316
    0.557769898    3.034211066   54.215537389
    0.561285936    3.193203927   34.438491753
    0.564801975    3.282596395   17.485327415
    0.568318013    3.341568840   20.529515514
    0.571834051    3.446986806   40.371163200
    0.575350089    3.625739406   59.374134884
    0.578866127    3.844414795   61.770438531
    0.582382166    4.039839461   45.133836288
    0.585898204    4.147493555   15.470447470
    0.589414242    4.144233485  -18.045171737
    0.592930280    4.026727713  -47.885086256
    0.596446318    3.827397706  -61.272536894
    0.599962357    3.633408398  -42.551855896
    0.603478395    3.569341213   10.230410199
    0.606994433    3.724908791   79.745923557
    0.610510471    4.112164451  135.163516730
    0.614026510    4.626996626  152.799085975
    0.617542548    5.140317119  137.155177865
    0.621058586    5.588739528  118.410424752
    0.624574624    6.004597231  121.928601289
    0.628090662    6.476425332  151.181559737
    0.631606701    7.083458803  195.322650133
    0.635122739    7.843116396  238.264978546
    0.638638777    8.772724234  291.921490902
    0.642154815    9.900577436  349.839337706
    0.645670854   11.238489791  410.244756225
    0.649186892   12.765633864  454.908853870
    0.652702930   14.409665147  473.669297632
    0.656218968   16.063370833  465.914245060
    0.659735006   17.685096974  459.428652081
    0.663251045   19.328965877  480.834786613
    0.666767083   21.108382809  535.717994589
    0.670283121   23.103156146  597.969483069
    0.673799159   25.285141830  636.013578799
    0.677315197   27.527230172  633.193078724
    0.680831236   29.709776017  606.527395990
    0.684347274   31.809094170  594.850687459
    0.687863312   33.942261018  627.136925553
    0.691379350   36.261895313  695.041966733
    0.694895389   38.818679813  752.618758251
    0.698411427   41.485180723  752.568057463
    0.701927465   44.019629762  676.621087282
    0.705443503   46.171037730  541.035671433
    0.708959541   47.802331648  386.543638012
    0.712475580   48.904097873  245.233159200
    0.715991618   49.569726433  139.354986277
    0.719507656   49.931016564   71.665977063
    0.723023694   50.107306602   32.606824171
    0.726539732   50.176347461   11.059555486
    0.730055771   50.199965833    3.800423457
    0.733571809   50.208127155    0.773776116
    0.737087847   50.208696052   -0.000000000
    0.740603885   50.208696052   -0.000000000
    0.744119924   50.208696052   -0.000000000
    0.747635962   50.208696052   -0.000000000
    0.751152000   50.208696052   -0.000000000
