#! FIELDS dist file.free der_dist
#! SET min_dist 0.199134
#! SET max_dist 0.751152
#! SET nbins_dist  158
#! SET periodic_dist false
    0.199134000   41.298883013   -0.000000000
    0.202650038   41.298883013   -0.000000000
    0.206166076   41.298420718   -0.536741260
    0.209682115   41.291808569   -4.308235263
    0.213198153   41.263104352  -13.609647125
    0.216714191   41.177067777  -38.514202775
    0.220230229   40.956925886  -94.082065636
    0.223746268   40.464317353 -195.299466020
    0.227262306   39.506737753 -361.823388188
    0.230778344   37.835428718 -601.062025160
    0.234294382   35.212238226 -898.004003134
    0.237810420   31.499839292 -1212.014135949
    0.241326459   26.755155853 -1471.406585204
    0.244842497   21.294130930 -1608.711733767
    0.248358535   15.646511445 -1573.329421220
    0.251874573   10.432471789 -1367.597628846
    0.255390611    6.165711797 -1049.923561576
    0.258906650    3.091162354 -700.119263932
    0.262422688    1.195063390 -390.157633309
    0.265938726    0.257716923 -156.999940784
    0.269454764    0.000000000   -1.310174648
    0.272970803    0.181608095   94.976251861
    0.276486841    0.613739296  143.799529057
    0.280002879    1.149608316  155.907896012
    0.283518917    1.690121164  150.153403857
    0.287034955    2.200925581  140.963891822
    0.290550994    2.700400631  146.891121706
    0.294067032    3.262692423  175.654611892
    0.297583070    3.944168696  211.806090704
    0.301099108    4.752616430  245.622839308
    0.304615146    5.647353087  259.926887216
    0.308131185    6.547915761  247.959631642
    0.311647223    7.372082543  220.609561764
    0.315163261    8.091180113  190.519239596
    0.318679299    8.728419456  175.140233094
    0.322195338    9.333198621  169.451547851
    0.325711376    9.913250948  158.338633115
    0.329227414   10.425079813  132.609889723
    0.332743452   10.834154843   98.359332221
    0.336259490   11.139337189   79.519445681
    0.339775529   11.438542875   97.311586143
    0.343291567   11.856070290  143.626930780
    0.346807605   12.441471475  185.822807019
    0.350323643   13.119757949  191.151838335
    0.353839682   13.725941556  145.153933176
    0.357355720   14.093158438   57.953301953
    0.360871758   14.128963612  -37.145669241
    0.364387796   13.864440363 -107.411330331
    0.367903834   13.436608485 -125.911710053
    0.371419873   13.043987449  -88.834658504
    0.374935911   12.852581544  -17.258349645
    0.378451949   12.908489009   44.177495911
    0.381967987   13.115177893   63.059847782
    0.385484025   13.282003446   23.932276390
    0.389000064   13.246224292  -47.133998842
    0.392516102   12.950504059 -116.724711418
    0.396032140   12.457251131 -157.323377573
    0.399548178   11.887366718 -162.794104752
    0.403064217   11.340808147 -146.876047379
    0.406580255   10.862993277 -125.826714283
    0.410096293   10.442619772 -114.613035527
    0.413612331   10.035088701 -119.298947237
    0.417128369    9.589227006 -135.662622436
    0.420644408    9.082706742 -151.162817840
    0.424160446    8.551508289 -148.139252944
    0.427676484    8.072822169 -120.053002694
    0.431192522    7.721175169  -80.060284168
    0.434708561    7.502686221  -47.735544415
    0.438224599    7.354557772  -42.777872089
    0.441740637    7.170091039  -65.020619297
    0.445256675    6.886887985  -94.937991658
    0.448772713    6.522608032 -108.331220521
    0.452288752    6.158210665  -96.167360856
    0.455804790    5.865493638  -66.909624234
    0.459320828    5.689095181  -35.331573397
    0.462836866    5.607058276  -13.367025126
    0.466352904    5.565486194  -12.936952899
    0.469868943    5.497969100  -29.895897660
    0.473384981    5.339741378  -61.904349418
    0.476901019    5.052753136  -99.584880762
    0.480417057    4.651626515 -120.726615020
    0.483933096    4.250415077  -99.085629029
    0.487449134    4.002213273  -36.504493984
    0.490965172    4.002136971   35.239716761
    0.494481210    4.210125256   73.559158373
    0.497997248    4.446004912   52.521400080
    0.501513287    4.527321685  -10.293362163
    0.505029325    4.373354841  -73.226740972
    0.508545363    4.062352769  -94.546327009
    0.512061401    3.767430802  -66.862976286
    0.515577439    3.620011484  -16.681164988
    0.519093478    3.635606743   21.392378740
    0.522609516    3.737496981   31.972243562
    0.526125554    3.834393776   23.672937179
    0.529641592    3.907461253   20.958090716
    0.533157631    3.996058829   31.039023912
    0.536673669    4.129545528   43.900050666
    0.540189707    4.298328389   48.042197787
    0.543705745    4.467538269   46.616913292
    0.547221783    4.628477633   46.127640866
    0.550737822    4.794451763   48.722009062
    0.554253860    4.962066420   44.604535224
    0.557769898    5.087041683   23.967659719
    0.561285936    5.120997968   -5.852579496
    0.564801975    5.057150748  -28.409787536
    0.568318013    4.954268476  -24.363278697
    0.571834051    4.912700818    2.409317233
    0.575350089    4.972910108   29.932996492
    0.578866127    5.100056602   38.524501160
    0.582382166    5.218688761   24.801520982
    0.585898204    5.261296134   -0.355910252
    0.589414242    5.218324499  -23.670387847
    0.592930280    5.110365215  -35.664193802
    0.596446318    4.990368238  -29.071395259
    0.599962357    4.935820798    3.136450795
    0.603478395    5.041107147   59.128083551
    0.606994433    5.364851515  125.560747974
    0.610510471    5.905487008  177.329951126
    0.614026510    6.569684554  196.572609937
    0.617542548    7.245440566  185.819470019
    0.621058586    7.870686462  169.361386262
    0.624574624    8.455660580  165.510479917
    0.628090662    9.053938800  177.985553504
    0.631606701    9.719200250  201.355772700
    0.635122739   10.468195626  226.730988003
    0.638638777   11.333858604  268.031146632
    0.642154815   12.368119831  322.357423184
    0.645670854   13.609560409  384.018795075
    0.649186892   15.052900993  433.921053027
    0.652702930   16.636390145  461.432705255
    0.656218968   18.275911588  469.512426936
    0.659735006   19.936239099  477.544258144
    0.663251045   21.664994275  510.366691546
    0.666767083   23.555778182  566.775314533
    0.670283121   25.640567905  615.482166045
    0.673799159   27.837936312  624.641794628
    0.677315197   29.968031435  578.305363359
    0.680831236   31.857951541  492.120787890
    0.684347274   33.422486827  402.386311069
    0.687863312   34.720401391  343.663965363
    0.691379350   35.885938973  324.746580515
    0.694895389   37.022995180  322.129484276
    0.698411427   38.136071392  307.737023575
    0.701927465   39.154804642  266.750072351
    0.705443503   39.983386045  202.735508950
    0.708959541   40.576790165  135.163550202
    0.712475580   40.945922971   78.162184910
    0.715991618   41.148089368   39.390283439
    0.719507656   41.244255200   17.591930768
    0.723023694   41.284770822    6.861416608
    0.726539732   41.297519027    1.460374057
    0.730055771   41.298883013   -0.000000000
    0.733571809   41.298883013   -0.000000000
    0.737087847   41.298883013   -0.000000000
    0.740603885   41.298883013   -0.000000000
    0.744119924   41.298883013   -0.000000000
    0.747635962   41.298883013   -0.000000000
    0.751152000   41.298883013   -0.000000000
