#! FIELDS dist file.free der_dist
#! SET min_dist 0.199134
#! SET max_dist 0.751152
#! SET nbins_dist  158
#! SET periodic_dist false
    0.199134000   52.885997675   -0.417620903
    0.202650038   52.883329820   -1.225508894
    0.206166076   52.872711780   -5.695149968
    0.209682115   52.833536726  -18.925824929
    0.213198153   52.717622644  -50.838791819
    0.216714191   52.433302975 -118.059141414
    0.220230229   51.819033585 -243.760488072
    0.223746268   50.630798993 -446.446710879
    0.227262306   48.574267519 -738.273157491
    0.230778344   45.354377708 -1102.634519444
    0.234294382   40.798707347 -1485.637485068
    0.237810420   34.978788908 -1807.502132660
    0.241326459   28.270108534 -1976.978419380
    0.244842497   21.314925838 -1942.906844744
    0.248358535   14.847623295 -1705.723743608
    0.251874573    9.483632362 -1331.075945535
    0.255390611    5.529629504 -923.707005192
    0.258906650    2.926691981 -571.471233961
    0.262422688    1.390760055 -320.845442781
    0.265938726    0.555821181 -167.961605650
    0.269454764    0.138710614  -75.880663816
    0.272970803    0.000000000   -5.329026676
    0.276486841    0.093505065   57.658197705
    0.280002879    0.393385882  111.095111042
    0.283518917    0.861473950  153.248412779
    0.287034955    1.452168486  179.897850950
    0.290550994    2.115773877  197.265881262
    0.294067032    2.841063354  214.635441612
    0.297583070    3.619054210  227.211020729
    0.301099108    4.441895085  239.875314137
    0.304615146    5.295585484  244.603922220
    0.308131185    6.145718315  236.667441826
    0.311647223    6.950655295  221.816596551
    0.315163261    7.698130302  204.879951941
    0.318679299    8.402339761  198.119956353
    0.322195338    9.094584149  195.549259244
    0.325711376    9.766122023  184.415056109
    0.329227414   10.365592801  156.285563956
    0.332743452   10.848593630  115.867799360
    0.336259490   11.189636148   81.149809679
    0.339775529   11.454856578   75.225218852
    0.343291567   11.749505070   96.664018970
    0.346807605   12.139999696  124.711954456
    0.350323643   12.606472436  135.385335335
    0.353839682   13.054944230  113.826083691
    0.357355720   13.369721910   59.985716502
    0.360871758   13.465577745   -6.744057993
    0.364387796   13.335578000  -64.744723259
    0.367903834   13.047165100  -93.141527796
    0.371419873   12.720796505  -87.130054358
    0.374935911   12.460861627  -58.882945407
    0.378451949   12.297963968  -36.158939563
    0.381967987   12.183983562  -34.355851077
    0.385484025   12.022168531  -60.548985033
    0.389000064   11.754123857  -91.680709320
    0.392516102   11.388076133 -112.033815633
    0.396032140   10.986913625 -112.440476617
    0.399548178   10.614405429  -99.107528059
    0.403064217   10.292486640  -85.987318259
    0.406580255   10.000965963  -82.081048145
    0.410096293    9.698403467  -91.494477373
    0.413612331    9.341804567 -112.010488734
    0.417128369    8.905911979 -135.765909444
    0.420644408    8.398103710 -150.786904591
    0.424160446    7.875137997 -143.591777467
    0.427676484    7.417015330 -113.700957535
    0.431192522    7.084955403  -75.951367955
    0.434708561    6.869808095  -50.218867302
    0.438224599    6.699880509  -52.878362147
    0.441740637    6.468805877  -81.142315104
    0.445256675    6.121710424 -114.850093345
    0.448772713    5.685435607 -128.858118073
    0.452288752    5.253199674 -113.990407191
    0.455804790    4.907615828  -78.831003648
    0.459320828    4.702134826  -39.925809658
    0.462836866    4.616420520  -10.341224439
    0.466352904    4.604078121    1.054704803
    0.469868943    4.610293659   -0.921548412
    0.473384981    4.585281095  -15.099989356
    0.476901019    4.488489265  -40.217369038
    0.480417057    4.296017818  -64.767306746
    0.483933096    4.053438266  -67.901465017
    0.487449134    3.847944703  -44.860773247
    0.490965172    3.749735681  -10.227903449
    0.494481210    3.760897190   11.439172359
    0.497997248    3.788744498    0.331384738
    0.501513287    3.735120098  -33.217535854
    0.505029325    3.556082020  -65.667482290
    0.508545363    3.307961224  -69.046431188
    0.512061401    3.110128204  -39.577507933
    0.515577439    3.044533780    1.304527495
    0.519093478    3.102863624   27.812387023
    0.522609516    3.208271459   27.533093577
    0.526125554    3.269278588    7.295532810
    0.529641592    3.262629178   -8.224479796
    0.533157631    3.227992545   -9.051744334
    0.536673669    3.209414529   -1.174560451
    0.540189707    3.225741772    8.114757292
    0.543705745    3.275543481   19.522320165
    0.547221783    3.368012289   34.515717318
    0.550737822    3.520172062   52.394945678
    0.554253860    3.725431597   62.187557335
    0.557769898    3.934515243   53.743167320
    0.561285936    4.091481288   33.571370978
    0.564801975    4.175470822   15.215559692
    0.568318013    4.224458805   17.279780343
    0.571834051    4.318662266   37.540535026
    0.575350089    4.492329827   59.867307763
    0.578866127    4.722786832   68.447425028
    0.582382166    4.955933530   60.134951393
    0.585898204    5.131357330   38.923337244
    0.589414242    5.223016633   11.972172599
    0.592930280    5.217373202  -14.988599951
    0.596446318    5.132055805  -30.083935355
    0.599962357    5.038907226  -16.952554378
    0.603478395    5.051928040   28.394874168
    0.606994433    5.258776885   91.114843362
    0.610510471    5.677172560  141.850540746
    0.614026510    6.211482983  157.540419965
    0.617542548    6.741108365  141.823355511
    0.621058586    7.206271824  123.247978349
    0.624574624    7.638651767  126.316185883
    0.628090662    8.123542379  154.072108110
    0.631606701    8.736493185  195.834792485
    0.635122739    9.494292845  236.857930421
    0.638638777   10.417054079  289.684866181
    0.642154815   11.537116226  347.840795392
    0.645670854   12.869928790  409.292024577
    0.649186892   14.394167629  453.866461271
    0.652702930   16.030448194  469.696800822
    0.656218968   17.658998643  454.945752476
    0.659735006   19.226556880  439.470050358
    0.663251045   20.786634598  453.828963192
    0.666767083   22.467858633  508.319459790
    0.670283121   24.379460284  579.580590251
    0.673799159   26.524940554  634.606341750
    0.677315197   28.796806064  651.541002452
    0.680831236   31.075130071  641.858098882
    0.684347274   33.320471495  641.642630216
    0.687863312   35.630248227  680.039382816
    0.691379350   38.140189381  749.775751867
    0.694895389   40.887220613  805.505837717
    0.698411427   43.730921530  799.821108766
    0.701927465   46.416225555  714.784286089
    0.705443503   48.683044994  568.465006904
    0.708959541   50.392487376  403.820920062
    0.712475580   51.540528152  254.721628983
    0.715991618   52.230180516  143.914472052
    0.719507656   52.602463611   73.643146147
    0.723023694   52.783246678   33.353492524
    0.726539732   52.853649184   11.059555486
    0.730055771   52.877267557    3.800423457
    0.733571809   52.885428878    0.773776116
    0.737087847   52.885997776   -0.000000000
    0.740603885   52.885997776   -0.000000000
    0.744119924   52.885997776   -0.000000000
    0.747635962   52.885997776   -0.000000000
    0.751152000   52.885997776   -0.000000000
