#! FIELDS dist file.free der_dist
#! SET min_dist 0.199134
#! SET max_dist 0.751152
#! SET nbins_dist  158
#! SET periodic_dist false
    0.199134000   45.756053359   -0.000000000
    0.202650038   45.756053359   -0.000000000
    0.206166076   45.754074862   -1.406322976
    0.209682115   45.741989187   -6.885203232
    0.213198153   45.695605024  -21.611530896
    0.216714191   45.563809250  -57.780804736
    0.220230229   45.243095730 -133.760579369
    0.223746268   44.557677135 -267.443010932
    0.227262306   43.271299523 -478.414745189
    0.230778344   41.101378538 -768.312522034
    0.234294382   37.808076909 -1109.566889996
    0.237810420   33.304383183 -1445.518297075
    0.241326459   27.751016213 -1691.485706685
    0.244842497   21.595422515 -1778.208694323
    0.248358535   15.479307310 -1667.984684952
    0.251874573   10.070285254 -1385.924482488
    0.255390611    5.843476298 -1014.095601166
    0.258906650    2.939909679 -644.987295850
    0.262422688    1.219898771 -350.157215266
    0.265938726    0.360992692 -154.843554605
    0.269454764    0.032235180  -43.450848474
    0.272970803    0.000000000   18.134333512
    0.276486841    0.128560919   51.836500510
    0.280002879    0.348744345   71.754696963
    0.283518917    0.633855744   91.329832117
    0.287034955    0.995149914  114.994306825
    0.290550994    1.456338420  149.729600695
    0.294067032    2.063390645  196.007584201
    0.297583070    2.829765831  238.154060750
    0.301099108    3.731334167  271.700706556
    0.304615146    4.715115889  284.753931843
    0.308131185    5.705829334  275.124348944
    0.311647223    6.635546316  253.891938476
    0.315163261    7.484616254  231.031326662
    0.318679299    8.274962077  221.125544690
    0.322195338    9.045229221  216.517361630
    0.325711376    9.781387615  199.175181382
    0.329227414   10.414036172  159.347347062
    0.332743452   10.882044471  104.460393300
    0.336259490   11.165429203   61.461565706
    0.339775529   11.363348448   58.864920094
    0.343291567   11.622615326   93.902542375
    0.346807605   12.028824474  135.175602210
    0.350323643   12.538302033  146.674940220
    0.353839682   13.004494120  110.509624831
    0.357355720   13.267630806   33.889777450
    0.360871758   13.239488780  -49.061207600
    0.364387796   12.956440832 -106.119925739
    0.367903834   12.551017980 -115.864772871
    0.371419873   12.193159001  -81.823907613
    0.374935911   11.998652589  -28.472452789
    0.378451949   11.968920614    6.672552718
    0.381967987   12.004564754    5.642880445
    0.385484025   11.963184440  -32.910932911
    0.389000064   11.765877415  -78.836254645
    0.392516102   11.424930162 -109.751246696
    0.396032140   11.021293206 -115.110173959
    0.399548178   10.636361670 -103.418557215
    0.403064217   10.295797283  -92.728001627
    0.406580255    9.970953008  -94.672834862
    0.410096293    9.608534718 -113.255647543
    0.413612331    9.159170657 -142.822378595
    0.417128369    8.604441400 -171.708298223
    0.420644408    7.970036400 -185.579830319
    0.424160446    7.338161917 -169.745504957
    0.427676484    6.810237693 -126.730699970
    0.431192522    6.455579843  -76.083979054
    0.434708561    6.257399631  -41.378036900
    0.438224599    6.126978524  -39.914214362
    0.441740637    5.944108482  -66.701536030
    0.445256675    5.651097109  -98.283406148
    0.448772713    5.278648375 -108.958866326
    0.452288752    4.922356076  -90.644685290
    0.455804790    4.662452512  -53.680202291
    0.459320828    4.546079276  -14.775822004
    0.462836866    4.546632935   13.061145230
    0.466352904    4.608235953   19.092303527
    0.469868943    4.660418289    5.865009445
    0.473384981    4.629741444  -26.222377046
    0.476901019    4.456834691  -72.068589677
    0.480417057    4.122916247 -111.719922558
    0.483933096    3.708427124 -116.170707685
    0.487449134    3.353643160  -79.201189990
    0.490965172    3.173475743  -22.186064183
    0.494481210    3.179690630   19.033150659
    0.497997248    3.251469817   15.406070296
    0.501513287    3.243365150  -24.180210865
    0.505029325    3.074652714  -69.150732521
    0.508545363    2.793882202  -83.180441042
    0.512061401    2.538581162  -56.773515375
    0.515577439    2.418577245  -11.359909911
    0.519093478    2.445431670   22.634054864
    0.522609516    2.545387792   29.417695052
    0.526125554    2.622284514   14.244973754
    0.529641592    2.646409519    2.049166204
    0.533157631    2.651758738    3.077174054
    0.536673669    2.677041413   11.569319570
    0.540189707    2.737625636   20.429910649
    0.543705745    2.830193878   31.649839332
    0.547221783    2.966507584   47.478819417
    0.550737822    3.167181210   66.980610921
    0.554253860    3.424779090   76.769609207
    0.557769898    3.680212334   64.710349300
    0.561285936    3.863430477   36.974086065
    0.564801975    3.942932148    9.180951299
    0.568318013    3.955543092    3.206308482
    0.571834051    3.989665306   17.823226750
    0.575350089    4.085290538   34.964685608
    0.578866127    4.214246069   34.722788400
    0.582382166    4.305321308   12.269341985
    0.585898204    4.284199178  -24.871017928
    0.589414242    4.128823371  -63.379353048
    0.592930280    3.853854494  -90.404778755
    0.596446318    3.525347737  -90.821242834
    0.599962357    3.260985158  -51.898409037
    0.603478395    3.205154092   24.279368297
    0.606994433    3.449849624  115.719578251
    0.610510471    3.994422129  187.663258813
    0.614026510    4.711728567  214.266195985
    0.617542548    5.444968238  199.284498752
    0.621058586    6.100465303  172.740436325
    0.624574624    6.682086902  160.462555059
    0.628090662    7.252723691  167.869629586
    0.631606701    7.875862740  187.572866934
    0.635122739    8.566862389  207.033928278
    0.638638777    9.351494407  241.875248618
    0.642154815   10.280692646  288.873509178
    0.645670854   11.398333915  347.905140725
    0.649186892   12.716034659  399.356610236
    0.652702930   14.185475290  430.606181611
    0.656218968   15.720023643  441.320002650
    0.659735006   17.288356612  453.683297458
    0.663251045   18.944554415  493.837123703
    0.666767083   20.802198993  566.223603176
    0.670283121   22.928842038  641.748065034
    0.673799159   25.280805540  687.724420424
    0.677315197   27.707232163  684.636497809
    0.680831236   30.053977330  646.169835140
    0.684347274   32.248203344  606.443461678
    0.687863312   34.347109772  593.313944052
    0.691379350   36.446552725  602.230783172
    0.694895389   38.568073535  598.633670817
    0.698411427   40.603521062  550.989303086
    0.701927465   42.383358846  454.096664929
    0.705443503   43.761286946  328.360029525
    0.708959541   44.700607954  208.949084620
    0.712475580   45.259689219  115.340897216
    0.715991618   45.551788274   55.989052023
    0.719507656   45.686423653   24.158862747
    0.723023694   45.740900452    8.844201356
    0.726539732   45.754689373    1.460374057
    0.730055771   45.756053359   -0.000000000
    0.733571809   45.756053359   -0.000000000
    0.737087847   45.756053359   -0.000000000
    0.740603885   45.756053359   -0.000000000
    0.744119924   45.756053359   -0.000000000
    0.747635962   45.756053359   -0.000000000
    0.751152000   45.756053359   -0.000000000
