#! FIELDS dist file.free der_dist
#! SET min_dist 0.199134
#! SET max_dist 0.751152
#! SET nbins_dist  158
#! SET periodic_dist false
    0.199134000   44.629337340   -0.000000000
    0.202650038   44.629337340   -0.000000000
    0.206166076   44.627358843   -1.406322976
    0.209682115   44.615273167   -6.885203232
    0.213198153   44.569216298  -21.385310653
    0.216714191   44.438850061  -57.084336569
    0.220230229   44.122125839 -132.067213530
    0.223746268   43.445816485 -263.736666626
    0.227262306   42.177832844 -471.396856194
    0.230778344   40.040365603 -756.633215309
    0.234294382   36.797524272 -1092.494944735
    0.237810420   32.363065152 -1423.388037216
    0.241326459   26.894262351 -1665.804927426
    0.244842497   20.832873774 -1750.535012592
    0.248358535   14.815945286 -1639.272466355
    0.251874573    9.510058502 -1355.815558735
    0.255390611    5.392436038 -982.067896932
    0.258906650    2.604298505 -611.606532650
    0.262422688    1.000548453 -317.944144210
    0.265938726    0.247134500 -127.671761730
    0.269454764    0.000000000  -24.635293945
    0.272970803    0.016577837   27.060287728
    0.276486841    0.160357198   51.958804715
    0.280002879    0.369541403   65.989049238
    0.283518917    0.629850071   83.800679821
    0.287034955    0.967096170  109.448863456
    0.290550994    1.416093987  148.710743605
    0.294067032    2.029550225  200.871881330
    0.297583070    2.823191903  248.682479559
    0.301099108    3.769821621  286.555469997
    0.304615146    4.811326112  302.326905185
    0.308131185    5.864770332  292.738076434
    0.311647223    6.851734368  268.358221072
    0.315163261    7.740909105  238.886046616
    0.318679299    8.542984383  219.813771012
    0.322195338    9.291817963  205.926158006
    0.325711376    9.977985968  181.988301410
    0.329227414   10.545591527  140.426750338
    0.332743452   10.951777582   88.994224613
    0.336259490   11.193950832   53.669109881
    0.339775529   11.378892636   59.017676495
    0.343291567   11.648454610   98.901042977
    0.346807605   12.074151733  140.610708534
    0.350323643   12.598320313  149.355589031
    0.353839682   13.069379809  111.109727606
    0.357355720   13.336131454   35.767006275
    0.360871758   13.321035725  -43.290726374
    0.364387796   13.064395469  -97.256810074
    0.367903834   12.690749337 -107.386586471
    0.371419873   12.356396856  -77.244237800
    0.374935911   12.169131472  -28.917964723
    0.378451949   12.129985969    1.999748199
    0.381967987   12.143477919   -2.262713376
    0.385484025   12.068219996  -44.348294797
    0.389000064   11.823015937  -94.606117141
    0.392516102   11.420217542 -128.826537589
    0.396032140   10.947611252 -134.574187364
    0.399548178   10.499876555 -119.022335149
    0.403064217   10.116512673 -101.118677316
    0.406580255    9.777689546  -94.443929013
    0.410096293    9.429527662 -105.643297718
    0.413612331    9.015900772 -130.640983411
    0.417128369    8.506572105 -158.685024315
    0.420644408    7.913896246 -175.426740323
    0.424160446    7.308572366 -165.099843213
    0.427676484    6.786227733 -128.265010160
    0.431192522    6.417305385  -82.208157458
    0.434708561    6.194659223  -48.306178039
    0.438224599    6.045128598  -43.180873004
    0.441740637    5.861904404  -63.425039718
    0.445256675    5.591066099  -89.389270822
    0.448772713    5.254014665  -98.589289604
    0.452288752    4.927770485  -84.928742597
    0.455804790    4.672694105  -57.063567765
    0.459320828    4.526280603  -28.139107652
    0.462836866    4.467361457   -6.614839180
    0.466352904    4.457609390   -0.674371664
    0.469868943    4.450009694   -7.389293235
    0.473384981    4.391213389  -28.438271667
    0.476901019    4.232565166  -61.878189288
    0.480417057    3.952696291  -91.973443239
    0.483933096    3.615832086  -92.992199999
    0.487449134    3.338814643  -59.198180516
    0.490965172    3.216202823   -9.679687831
    0.494481210    3.252384032   23.981798841
    0.497997248    3.333958531   16.986836621
    0.501513287    3.334317515  -19.902460048
    0.505029325    3.192185908  -57.810252881
    0.508545363    2.965974376  -63.726297284
    0.512061401    2.790335801  -31.509015246
    0.515577439    2.762521737   14.948423016
    0.519093478    2.876300506   45.012031338
    0.522609516    3.041652627   43.646077355
    0.526125554    3.150824986   18.140109682
    0.529641592    3.168671566   -5.281419491
    0.533157631    3.130205528  -14.150909840
    0.536673669    3.082259310  -12.154582142
    0.540189707    3.054963722   -4.888969463
    0.543705745    3.064159512   10.473763990
    0.547221783    3.140630419   35.210714611
    0.550737822    3.317299549   65.669777150
    0.554253860    3.588117214   85.167003747
    0.557769898    3.884630603   78.821413952
    0.561285936    4.119550697   51.391737153
    0.564801975    4.244136820   19.750881646
    0.568318013    4.283963326    8.095790755
    0.571834051    4.326852751   18.348543179
    0.575350089    4.419955178   33.480439985
    0.578866127    4.544125888   33.744961151
    0.582382166    4.634252859   12.785155393
    0.585898204    4.616532199  -23.638824484
    0.589414242    4.464552541  -62.937146092
    0.592930280    4.187422207  -92.268187756
    0.596446318    3.846553257  -96.130263592
    0.599962357    3.555800991  -61.709513049
    0.603478395    3.456654873    9.418960259
    0.606994433    3.640673314   96.134199139
    0.610510471    4.110451884  164.931140012
    0.614026510    4.746014324  190.875748563
    0.617542548    5.399632298  177.947341497
    0.621058586    5.986857934  155.744316379
    0.624574624    6.519498832  150.176683995
    0.628090662    7.069495015  166.797162571
    0.631606701    7.708913617  198.130253518
    0.635122739    8.459701819  230.155099214
    0.638638777    9.344162267  274.819931531
    0.642154815   10.399664658  327.124948819
    0.645670854   11.652058359  385.360652445
    0.649186892   13.093086572  431.468252059
    0.652702930   14.663320593  455.920681905
    0.656218968   16.277442557  461.404030131
    0.659735006   17.910272854  470.855171854
    0.663251045   19.626926528  511.598050287
    0.666767083   21.552072576  587.133872778
    0.670283121   23.758049204  665.691121829
    0.673799159   26.194541562  710.834516141
    0.677315197   28.689159949  698.646405614
    0.680831236   31.052674070  639.686959351
    0.684347274   33.172667872  569.424891390
    0.687863312   35.081699151  522.789726828
    0.691379350   36.883264132  505.552265729
    0.694895389   38.641323685  491.853177533
    0.698411427   40.310036720  451.966452336
    0.701927465   41.775865111  375.928352121
    0.705443503   42.923311234  275.317743447
    0.708959541   43.715909927  177.617412653
    0.712475580   44.193883383   99.442864035
    0.715991618   44.447647779   48.929026813
    0.719507656   44.565941967   21.373775331
    0.723023694   44.614742513    8.169946715
    0.726539732   44.627973353    1.460374057
    0.730055771   44.629337340   -0.000000000
    0.733571809   44.629337340   -0.000000000
    0.737087847   44.629337340   -0.000000000
    0.740603885   44.629337340   -0.000000000
    0.744119924   44.629337340   -0.000000000
    0.747635962   44.629337340   -0.000000000
    0.751152000   44.629337340   -0.000000000
