#! FIELDS dist file.free der_dist
#! SET min_dist 0.199134
#! SET max_dist 0.751152
#! SET nbins_dist  158
#! SET periodic_dist false
    0.199134000   55.973520042   -0.417620903
    0.202650038   55.970852187   -1.225508894
    0.206166076   55.959993019   -5.923505003
    0.209682115   55.917875612  -20.673423490
    0.213198153   55.790798947  -55.967455721
    0.216714191   55.475895031 -131.132874105
    0.220230229   54.791401593 -271.944903156
    0.223746268   53.463711964 -499.283502581
    0.227262306   51.163798598 -825.196050313
    0.230778344   47.570989823 -1227.791513392
    0.234294382   42.515831157 -1642.430179324
    0.237810420   36.115231823 -1976.844945204
    0.241326459   28.828964764 -2131.343324394
    0.244842497   21.396580907 -2056.443503523
    0.248358535   14.624299419 -1764.860726777
    0.251874573    9.144899903 -1339.630660908
    0.255390611    5.225273673 -899.298795530
    0.258906650    2.733287145 -536.294748037
    0.262422688    1.313298907 -292.218385072
    0.265938726    0.553824984 -154.146454863
    0.269454764    0.159067938  -76.358696334
    0.272970803    0.000000000  -15.595740780
    0.276486841    0.047348356   42.275261479
    0.280002879    0.288830821   93.501782732
    0.283518917    0.695504028  136.210819536
    0.287034955    1.230668174  166.001276698
    0.290550994    1.856496845  190.394656543
    0.294067032    2.574782150  217.847888048
    0.297583070    3.382228189  240.409643154
    0.301099108    4.263318523  258.642988961
    0.304615146    5.181886483  261.502714040
    0.308131185    6.077503578  244.917258771
    0.311647223    6.893752725  220.409608334
    0.315163261    7.626413557  199.142618163
    0.318679299    8.316085443  197.030335366
    0.322195338    9.023353453  206.111286933
    0.325711376    9.756378755  208.564821056
    0.329227414   10.459214624  189.821579555
    0.332743452   11.064960940  150.719526246
    0.336259490   11.517886265  108.769698600
    0.339775529   11.858810557   90.052675825
    0.343291567   12.179503570   96.758082029
    0.346807605   12.547514912  112.452529599
    0.350323643   12.956596717  115.984214423
    0.353839682   13.333715141   93.572770850
    0.357355720   13.583324277   43.840423827
    0.360871758   13.634070353  -16.030400943
    0.364387796   13.484077164  -66.977615678
    0.367903834   13.197710992  -90.136528917
    0.371419873   12.886942513  -81.894767396
    0.374935911   12.644902598  -54.449346805
    0.378451949   12.491801257  -35.156266616
    0.381967987   12.374467686  -37.192255989
    0.385484025   12.197968120  -65.755354218
    0.389000064   11.911697798  -96.395727563
    0.392516102   11.534485913 -113.014967716
    0.396032140   11.140354393 -107.001727268
    0.399548178   10.801273284  -85.594242154
    0.403064217   10.540821241  -64.762173903
    0.406580255   10.333668742  -56.151922685
    0.410096293   10.122027842  -66.857894953
    0.413612331    9.837852384  -96.520674427
    0.417128369    9.431288879 -135.456795683
    0.420644408    8.893816214 -167.837675282
    0.424160446    8.284122783 -174.945562565
    0.427676484    7.701068124 -152.073651712
    0.431192522    7.234558729 -112.734126180
    0.434708561    6.902733481  -79.070434280
    0.438224599    6.650202145  -70.936794325
    0.441740637    6.373438163  -89.684961661
    0.445256675    6.008046292 -117.531383185
    0.448772713    5.566275067 -129.967254418
    0.452288752    5.127724645 -116.973118643
    0.455804790    4.765376478  -85.538387159
    0.459320828    4.529035972  -50.689438654
    0.462836866    4.399795675  -24.096357994
    0.466352904    4.336519501  -13.762677349
    0.469868943    4.292409001  -14.270858269
    0.473384981    4.227559995  -23.813785173
    0.476901019    4.112482737  -41.581186708
    0.480417057    3.929960150  -57.826038457
    0.483933096    3.723654603  -54.756186507
    0.487449134    3.569050453  -30.101520767
    0.490965172    3.517526274    0.880252860
    0.494481210    3.557365841   16.585744864
    0.497997248    3.594573603    1.096458660
    0.501513287    3.542407572  -32.388567165
    0.505029325    3.372081736  -61.259905110
    0.508545363    3.146439806  -61.174310975
    0.512061401    2.976462702  -32.619374031
    0.515577439    2.925770321    2.089077394
    0.519093478    2.971928802   19.974010367
    0.522609516    3.036478996   12.719880078
    0.526125554    3.039429736  -10.106960431
    0.529641592    2.972941966  -24.352898868
    0.533157631    2.886421724  -22.396898983
    0.536673669    2.824711741  -12.703759031
    0.540189707    2.800882414   -3.399435806
    0.543705745    2.809228597    7.572962563
    0.547221783    2.861307954   24.023558053
    0.550737822    2.983960248   46.733238238
    0.554253860    3.182269276   64.349161734
    0.557769898    3.414594716   64.591855836
    0.561285936    3.621816978   50.795834108
    0.564801975    3.771383183   34.381630527
    0.568318013    3.884024590   33.461486439
    0.571834051    4.023665844   46.816065943
    0.575350089    4.215981759   61.319919806
    0.578866127    4.440777107   64.523174156
    0.582382166    4.658105679   56.223568058
    0.585898204    4.829096753   41.349793383
    0.589414242    4.946772956   24.531538875
    0.592930280    5.001501233    5.980664977
    0.596446318    4.995758039   -7.237867354
    0.599962357    4.973132280   -1.044144380
    0.603478395    5.019515188   30.635663253
    0.606994433    5.205957362   77.338862247
    0.610510471    5.551912790  115.370718431
    0.614026510    5.981454988  125.857813122
    0.617542548    6.404589129  114.599386750
    0.621058586    6.794409916  108.762868436
    0.624574624    7.203936967  127.987338101
    0.628090662    7.719016628  168.378651278
    0.631606701    8.392049837  214.022023017
    0.635122739    9.203682185  247.933445009
    0.638638777   10.142991162  287.311523436
    0.642154815   11.231006932  332.693665102
    0.645670854   12.496460563  387.142445534
    0.649186892   13.942621631  432.936457365
    0.652702930   15.515343773  455.481257622
    0.656218968   17.109992256  449.898830788
    0.659735006   18.672665387  441.376365759
    0.663251045   20.244574741  457.394656843
    0.666767083   21.930378604  505.946224626
    0.670283121   23.810514724  563.363448675
    0.673799159   25.872412572  603.797144240
    0.677315197   28.016312116  612.512898984
    0.680831236   30.167087288  611.293523022
    0.684347274   32.344498235  635.774154115
    0.687863312   34.690796148  706.993957709
    0.691379350   37.347915628  804.862239454
    0.694895389   40.320303185  876.426589319
    0.698411427   43.425602476  876.745751069
    0.701927465   46.390951138  798.099596880
    0.705443503   48.972976957  666.223258901
    0.708959541   51.063003652  522.951176438
    0.712475580   52.663720561  391.555297282
    0.715991618   53.844724218  283.171767335
    0.719507656   54.684801306  197.608584451
    0.723023694   55.253072822  128.614171654
    0.726539732   55.602219844   74.404929124
    0.730055771   55.799110367   40.500788051
    0.733571809   55.902228096   19.476641853
    0.737087847   55.948355494    8.313589832
    0.740603885   55.966567878    2.959489078
    0.744119924   55.973060153    1.027368817
    0.747635962   55.973520143   -0.000000000
    0.751152000   55.973520143   -0.000000000
