#! FIELDS dist file.free der_dist
#! SET min_dist 0.199134
#! SET max_dist 0.751152
#! SET nbins_dist  158
#! SET periodic_dist false
    0.199134000   58.524164750   -0.417620903
    0.202650038   58.521496895   -1.225508894
    0.206166076   58.510197720   -6.440437493
    0.209682115   58.463532605  -22.885462863
    0.213198153   58.322065440  -62.550881559
    0.216714191   57.969323389 -147.025227535
    0.220230229   57.202117320 -304.561103541
    0.223746268   55.716786211 -557.864943021
    0.227262306   53.153627821 -917.220665237
    0.230778344   49.176418127 -1353.564441493
    0.234294382   43.634496681 -1790.559610630
    0.237810420   36.706228834 -2124.306184698
    0.241326459   28.943659914 -2250.406103099
    0.244842497   21.175740394 -2125.821657303
    0.248358535   14.258044820 -1778.837556892
    0.251874573    8.811523085 -1310.193361320
    0.255390611    5.038032300 -849.849169913
    0.258906650    2.719177068 -490.830881054
    0.262422688    1.427094503 -266.662522378
    0.265938726    0.714518216 -152.824780790
    0.269454764    0.288466728  -94.068401480
    0.272970803    0.047925447  -42.385990263
    0.276486841    0.000000000   16.169499077
    0.280002879    0.160715240   74.471169901
    0.283518917    0.515609882  125.753277288
    0.287034955    1.026567013  162.255750542
    0.290550994    1.645567159  189.450820461
    0.294067032    2.358747830  215.185845586
    0.297583070    3.148035361  232.307843710
    0.301099108    3.988230012  243.442450479
    0.304615146    4.842531062  240.593378004
    0.308131185    5.660568588  222.602924237
    0.311647223    6.403609724  202.014043996
    0.315163261    7.085071249  188.935523867
    0.318679299    7.756301596  196.594522427
    0.322195338    8.477832476  214.255626798
    0.325711376    9.250667338  222.690186440
    0.329227414   10.010509628  207.811557527
    0.332743452   10.684350970  171.217473290
    0.336259490   11.210479765  129.211954719
    0.339775529   11.615613542  105.103507531
    0.343291567   11.969159474   99.387958400
    0.346807605   12.316706969   97.742825617
    0.350323643   12.645143276   85.733870291
    0.353839682   12.901136466   57.245959221
    0.357355720   13.034324668   16.443027825
    0.360871758   13.023936498  -21.915118208
    0.364387796   12.898281778  -47.505070621
    0.367903834   12.715617968  -52.733938867
    0.371419873   12.546702995  -41.221893012
    0.374935911   12.432249564  -24.477713758
    0.378451949   12.354011461  -22.970109593
    0.381967987   12.249410515  -41.219741737
    0.385484025   12.040391234  -78.663293656
    0.389000064   11.705769520 -109.741449568
    0.392516102   11.289296676 -121.337573082
    0.396032140   10.877349876 -108.815677493
    0.399548178   10.542242912  -81.771859295
    0.403064217   10.303283382  -56.514596501
    0.406580255   10.131250473  -44.684920219
    0.410096293    9.963574096  -53.435869434
    0.413612331    9.728232178  -82.485144583
    0.417128369    9.368858786 -123.057598459
    0.420644408    8.868307921 -159.722069852
    0.424160446    8.275610446 -173.614119152
    0.427676484    7.684802887 -157.573679310
    0.431192522    7.190971912 -121.907257990
    0.434708561    6.828812919  -85.924488512
    0.438224599    6.566267939  -68.864204653
    0.441740637    6.318621124  -74.972342689
    0.445256675    6.024977129  -92.448603019
    0.448772713    5.678244108 -102.753807045
    0.452288752    5.323075045  -98.536157039
    0.455804790    4.996926899  -84.218945214
    0.459320828    4.732067182  -67.759736646
    0.462836866    4.518916995  -53.023710805
    0.466352904    4.349195623  -43.410517416
    0.469868943    4.215754075  -34.078138186
    0.473384981    4.105916972  -29.341958466
    0.476901019    3.994234340  -34.970289811
    0.480417057    3.847182024  -45.427405301
    0.483933096    3.684824674  -43.105719571
    0.487449134    3.564001287  -22.920229387
    0.490965172    3.528403108    2.949236120
    0.494481210    3.568128549   14.714792386
    0.497997248    3.594023487   -3.353463360
    0.501513287    3.522261002  -39.098626391
    0.505029325    3.323152094  -70.965150415
    0.508545363    3.057838815  -73.977352531
    0.512061401    2.837521572  -48.154911414
    0.515577439    2.730471434  -14.068550694
    0.519093478    2.723055499    6.354848373
    0.522609516    2.750037347    5.553362615
    0.526125554    2.743254882   -8.237155388
    0.529641592    2.699259115  -13.765173133
    0.533157631    2.660229710   -6.899868695
    0.536673669    2.652835693    1.727506902
    0.540189707    2.670695854    5.231270034
    0.543705745    2.695401802    8.271397595
    0.547221783    2.737319362   18.021470180
    0.550737822    2.831699187   37.222219648
    0.554253860    2.995287982   54.543311009
    0.557769898    3.196729798   57.129817951
    0.561285936    3.383998274   47.191529717
    0.564801975    3.528132447   34.917183700
    0.568318013    3.649169731   37.442256470
    0.571834051    3.806190420   52.384825718
    0.575350089    4.017258884   66.104893728
    0.578866127    4.255087195   66.902697424
    0.582382166    4.475027822   55.282196221
    0.585898204    4.636780944   36.845261723
    0.589414242    4.730791139   15.351419000
    0.592930280    4.742451801   -9.699621502
    0.596446318    4.667413434  -31.192077548
    0.599962357    4.546164838  -32.905809544
    0.603478395    4.470527559   -6.075285473
    0.606994433    4.529350394   42.734447355
    0.610510471    4.769313935   90.886749681
    0.614026510    5.140626418  117.904980444
    0.617542548    5.568330789  125.130897039
    0.621058586    6.023800744  134.614630254
    0.624574624    6.541698176  162.641093572
    0.628090662    7.184382836  205.198202873
    0.631606701    7.982795618  247.902987438
    0.635122739    8.902309685  274.973479523
    0.638638777    9.921557055  305.491888891
    0.642154815   11.055917115  341.017159739
    0.645670854   12.333395426  385.829260807
    0.649186892   13.758736858  422.484880724
    0.652702930   15.279072456  436.265346946
    0.656218968   16.791186387  422.126044388
    0.659735006   18.239335441  404.187185040
    0.663251045   19.665580929  412.129578773
    0.666767083   21.183728276  456.280184964
    0.670283121   22.892125230  516.576325243
    0.673799159   24.805511696  567.310700256
    0.677315197   26.848104495  591.450701907
    0.680831236   28.952864159  605.596928791
    0.684347274   31.132681513  641.751979748
    0.687863312   33.509876357  717.442094232
    0.691379350   36.201623362  813.168981833
    0.694895389   39.195865123  880.653569405
    0.698411427   42.312481254  879.873951037
    0.701927465   45.298184681  808.355726523
    0.705443503   47.946293464  695.905589559
    0.708959541   50.195522546  586.032907709
    0.712475580   52.091835176  497.372944617
    0.715991618   53.717838430  428.761233232
    0.719507656   55.115285382  365.093828572
    0.723023694   56.273823856  292.511008364
    0.726539732   57.158010475  211.741650484
    0.730055771   57.771176255  139.265002752
    0.733571809   58.154188572   80.880867880
    0.737087847   58.363319212   40.917305523
    0.740603885   58.463439827   18.495175134
    0.744119924   58.506665562    7.469289660
    0.747635962   58.521413318    1.681519699
    0.751152000   58.524164851   -0.000000000
