#! FIELDS dist file.free der_dist
#! SET min_dist 0.199134
#! SET max_dist 0.751152
#! SET nbins_dist  158
#! SET periodic_dist false
    0.199134000   53.122661214   -0.417620903
    0.202650038   53.119993358   -1.225508894
    0.206166076   53.109375318   -5.695149968
    0.209682115   53.070200265  -18.925824929
    0.213198153   52.954286183  -50.838791819
    0.216714191   52.669966514 -118.059141414
    0.220230229   52.055697124 -243.760488072
    0.223746268   50.867426288 -446.478814851
    0.227262306   48.810696047 -738.362450711
    0.230778344   45.590295362 -1102.851068716
    0.234294382   41.033430867 -1486.156137167
    0.237810420   35.210811176 -1808.566397007
    0.241326459   28.496834364 -1978.970920272
    0.244842497   21.532470349 -1946.214396643
    0.248358535   15.050609251 -1710.772602453
    0.251874573    9.665327871 -1338.170493784
    0.255390611    5.682624370 -932.881414874
    0.258906650    3.044365374 -582.212008920
    0.262422688    1.469760734 -331.827808194
    0.265938726    0.598347713 -177.412447644
    0.269454764    0.153339699  -82.066893996
    0.272970803    0.000000000   -7.432088439
    0.276486841    0.092814645   59.198660246
    0.280002879    0.402533093  114.887540346
    0.283518917    0.885742612  157.822185093
    0.287034955    1.492486332  184.367847626
    0.290550994    2.171172672  201.372772239
    0.294067032    2.910230947  218.368292677
    0.297583070    3.700348248  230.297511479
    0.301099108    4.531925701  241.592665926
    0.304615146    5.387805973  243.958140893
    0.308131185    6.230227259  232.842160913
    0.311647223    7.015783786  214.668999023
    0.315163261    7.733305770  195.147441282
    0.318679299    8.400896530  187.286652342
    0.322195338    9.055454590  185.307520422
    0.325711376    9.694383119  176.300957673
    0.329227414   10.269921569  150.756835170
    0.332743452   10.737148893  112.204951260
    0.336259490   11.066501543   77.928836409
    0.339775529   11.319377262   71.305104947
    0.343291567   11.599005877   92.184500962
    0.346807605   11.974710555  121.039943091
    0.350323643   12.432516317  134.414867211
    0.353839682   12.884154675  116.596461404
    0.357355720   13.214589167   65.942326758
    0.360871758   13.334371825    0.465901647
    0.364387796   13.228162086  -58.777485170
    0.367903834   12.955152756  -90.655319899
    0.371419873   12.629537383  -89.317185431
    0.374935911   12.353379584  -65.895808585
    0.378451949   12.158034938  -47.370184057
    0.381967987   11.999544936  -48.192403277
    0.385484025   11.786895849  -75.379443252
    0.389000064   11.467278599 -105.981726590
    0.392516102   11.053684577 -124.549685956
    0.396032140   10.612958756 -122.305411601
    0.399548178   10.211605727 -105.621510562
    0.403064217    9.873835815  -88.384383797
    0.406580255    9.581821698  -79.990428110
    0.410096293    9.293802292  -85.515696610
    0.413612331    8.962573777 -103.873701354
    0.417128369    8.555533131 -127.976611784
    0.420644408    8.071362684 -145.418738822
    0.424160446    7.561486556 -141.507043712
    0.427676484    7.106076128 -113.879368092
    0.431192522    6.772855537  -76.095631704
    0.434708561    6.560316134  -48.314185396
    0.438224599    6.401379809  -48.663147713
    0.441740637    6.187081044  -76.268060103
    0.445256675    5.853837515 -112.415370698
    0.448772713    5.417955281 -131.320552254
    0.452288752    4.968213466 -121.238879242
    0.455804790    4.592396333  -88.134553708
    0.459320828    4.356675589  -47.134958300
    0.462836866    4.254131821  -12.462521988
    0.466352904    4.243386563    3.776775856
    0.469868943    4.263648054    3.620929339
    0.473384981    4.251689482  -12.827706250
    0.476901019    4.154566952  -42.957629693
    0.480417057    3.942960248  -72.733861846
    0.483933096    3.666084150  -78.974792240
    0.487449134    3.420501341  -56.093097271
    0.490965172    3.286557567  -18.927647289
    0.494481210    3.274669971    7.248732116
    0.497997248    3.297036790    1.418837451
    0.501513287    3.256155223  -27.275620140
    0.505029325    3.103941674  -56.722682720
    0.508545363    2.888777594  -59.706996916
    0.512061401    2.720575688  -32.442233058
    0.515577439    2.673488866    4.554981789
    0.519093478    2.736609434   27.457099631
    0.522609516    2.836842134   25.328108897
    0.526125554    2.890581057    5.763161319
    0.529641592    2.882896372   -7.073431028
    0.533157631    2.858326253   -4.528160921
    0.536673669    2.860351408    5.759907670
    0.540189707    2.902777983   15.712711136
    0.543705745    2.977824362   26.079362215
    0.547221783    3.090139694   39.187395386
    0.550737822    3.255075263   55.011074503
    0.554253860    3.466179751   62.896394664
    0.557769898    3.674403227   52.485911106
    0.561285936    3.823437852   30.304313930
    0.564801975    3.892741451   10.137559952
    0.568318013    3.921301204   10.807892100
    0.571834051    3.990904738   30.137560476
    0.575350089    4.137396621   51.940777471
    0.578866127    4.340399291   60.952277566
    0.582382166    4.550526053   54.929076288
    0.585898204    4.715455486   38.625404139
    0.589414242    4.818287355   18.879807967
    0.592930280    4.850518977   -0.514703737
    0.596446318    4.826976730   -9.917387799
    0.599962357    4.809591168    5.304323826
    0.603478395    4.898778818   48.859886591
    0.606994433    5.170242193  107.042272083
    0.610510471    5.634700474  152.042052124
    0.614026510    6.194993075  162.217272031
    0.617542548    6.732950289  142.127004799
    0.621058586    7.193767756  120.725293248
    0.624574624    7.614507465  122.438995280
    0.628090662    8.084053400  149.328646347
    0.631606701    8.678904618  190.200037589
    0.635122739    9.414146332  229.510042557
    0.638638777   10.306377339  279.582449169
    0.642154815   11.385146617  334.367202293
    0.645670854   12.663945115  391.992560528
    0.649186892   14.121360519  433.286499987
    0.652702930   15.681670262  447.425937581
    0.656218968   17.231909154  433.210968125
    0.659735006   18.728886745  421.582783308
    0.663251045   20.236825506  442.319173031
    0.666767083   21.890022308  503.796546534
    0.670283121   23.795948503  580.472932299
    0.673799159   25.950297595  638.362694756
    0.677315197   28.232923662  654.425814559
    0.680831236   30.519616050  643.625095074
    0.684347274   32.768148300  641.425882665
    0.687863312   35.069942037  674.997457210
    0.691379350   37.546109032  734.592064613
    0.694895389   40.214819355  775.750321372
    0.698411427   42.929602377  757.449342990
    0.701927465   45.460196384  671.931342063
    0.705443503   47.602661961  543.809110381
    0.708959541   49.281724698  413.045050867
    0.712475580   50.528934552  301.158265458
    0.715991618   51.432451066  216.247122881
    0.719507656   52.077263322  153.010181392
    0.723023694   52.523169296  102.517664297
    0.726539732   52.804003792   60.997087445
    0.730055771   52.968608000   34.556158375
    0.733571809   53.057725139   17.035040338
    0.737087847   53.098426256    7.439126406
    0.740603885   53.115709050    2.959489078
    0.744119924   53.122201325    1.027368817
    0.747635962   53.122661314   -0.000000000
    0.751152000   53.122661314   -0.000000000
