#! FIELDS dist file.free der_dist
#! SET min_dist 0.199134
#! SET max_dist 0.751152
#! SET nbins_dist  158
#! SET periodic_dist false
    0.199134000   49.427334215   -0.000000000
    0.202650038   49.427334215   -0.000000000
    0.206166076   49.424011852   -2.372341635
    0.209682115   49.404818745  -10.342885037
    0.213198153   49.335012025  -32.159810977
    0.216714191   49.143898866  -82.438833011
    0.220230229   48.696077993 -183.506455487
    0.223746268   47.772606570 -355.361823850
    0.227262306   46.093979773 -614.622304751
    0.230778344   43.359355994 -951.886195642
    0.234294382   39.361502049 -1322.157250435
    0.237810420   34.108178878 -1652.707702328
    0.241326459   27.894131566 -1854.138579555
    0.244842497   21.287516308 -1869.431764828
    0.248358535   14.983430508 -1685.663417898
    0.251874573    9.611568593 -1352.352570672
    0.255390611    5.543500912 -962.963861272
    0.258906650    2.807876381 -604.097064350
    0.262422688    1.194087411 -331.013522616
    0.265938726    0.368572258 -153.334797735
    0.269454764    0.032746620  -46.649919138
    0.272970803    0.000000000   22.642793919
    0.276486841    0.167075379   69.658597466
    0.280002879    0.470729609  100.596791780
    0.283518917    0.864236771  122.447003187
    0.287034955    1.323108092  137.657020404
    0.290550994    1.835384951  155.218466933
    0.294067032    2.427604460  182.275469574
    0.297583070    3.117597078  210.141810664
    0.301099108    3.910342512  239.971720721
    0.304615146    4.793443738  260.889185561
    0.308131185    5.724734149  265.639290910
    0.311647223    6.645747351  257.641135416
    0.315163261    7.521373108  240.777619716
    0.318679299    8.343350627  228.306677142
    0.322195338    9.126598297  216.835609927
    0.325711376    9.855591303  195.941591952
    0.329227414   10.481741772  160.290838278
    0.332743452   10.969500076  115.154078122
    0.336259490   11.306152492   80.006193901
    0.339775529   11.572705231   77.921368265
    0.343291567   11.888673056  106.298881479
    0.346807605   12.323752222  139.672862423
    0.350323643   12.842828876  148.800289038
    0.353839682   13.322615504  116.940875637
    0.357355720   13.620785132   47.314126351
    0.360871758   13.648147355  -31.872330406
    0.364387796   13.422834847  -91.516517516
    0.367903834   13.056866687 -108.464193132
    0.371419873   12.709857130  -82.968217584
    0.374935911   12.498116611  -36.738419429
    0.378451949   12.431725257   -5.299514450
    0.381967987   12.426217911   -4.805298908
    0.385484025   12.358923699  -36.572340404
    0.389000064   12.167876281  -71.132472359
    0.392516102   11.875229852  -90.014076950
    0.396032140   11.558489278  -86.303449664
    0.399548178   11.281960185  -71.797086035
    0.403064217   11.046503477  -65.790277259
    0.406580255   10.799590118  -78.090475488
    0.410096293   10.474841197 -108.228552688
    0.413612331   10.026432917 -146.518887372
    0.417128369    9.450982038 -178.871884071
    0.420644408    8.793094024 -191.276946287
    0.424160446    8.145687521 -173.070586590
    0.427676484    7.606066649 -130.829394644
    0.431192522    7.228748753  -85.783221446
    0.434708561    6.981271018  -59.760446151
    0.438224599    6.772901189  -65.477378163
    0.441740637    6.494186090  -94.893552310
    0.445256675    6.103793458 -124.832431851
    0.448772713    5.644968182 -131.247765339
    0.452288752    5.218873711 -108.216169176
    0.455804790    4.904265172  -67.554170028
    0.459320828    4.744178863  -25.851893941
    0.462836866    4.710159165    4.806270661
    0.466352904    4.751086276   16.125782465
    0.469868943    4.808183864   12.643672823
    0.473384981    4.825037091   -5.257783356
    0.476901019    4.752583724  -36.344531494
    0.480417057    4.562711043  -67.043904189
    0.483933096    4.304179678  -74.235879449
    0.487449134    4.074072298  -52.029638771
    0.490965172    3.952557165  -16.219523160
    0.494481210    3.945255657    6.652377380
    0.497997248    3.955496484   -5.270769814
    0.501513287    3.876357783  -42.484023705
    0.505029325    3.656418272  -79.803557685
    0.508545363    3.350971514  -87.368305416
    0.512061401    3.085036431  -59.626222603
    0.515577439    2.949980005  -17.622134493
    0.519093478    2.948292188   13.093270576
    0.522609516    3.013374160   19.820283889
    0.526125554    3.062067573    8.238510995
    0.529641592    3.075101812    1.837596745
    0.533157631    3.089492699    8.269693965
    0.536673669    3.139510501   19.917273152
    0.540189707    3.231287917   29.447263695
    0.543705745    3.351916737   38.192905268
    0.547221783    3.502457802   48.682707592
    0.550737822    3.695747959   61.604819131
    0.554253860    3.923920127   66.066663648
    0.557769898    4.138980847   53.542607637
    0.561285936    4.292732919   32.670370476
    0.564801975    4.379131050   18.200009451
    0.568318013    4.450399290   27.284186423
    0.571834051    4.590769446   53.129698262
    0.575350089    4.819303185   73.886166039
    0.578866127    5.081131583   70.547203899
    0.582382166    5.287233091   41.621658295
    0.585898204    5.358009391   -1.727814546
    0.589414242    5.276736352  -43.962664374
    0.592930280    5.065765535  -73.454381649
    0.596446318    4.791717695  -77.144780934
    0.599962357    4.566842817  -43.847477843
    0.603478395    4.524421911   23.394866476
    0.606994433    4.746880943  103.761376344
    0.610510471    5.230389481  165.310981210
    0.614026510    5.856713643  185.920213248
    0.617542548    6.490298479  172.284211983
    0.621058586    7.066182470  155.751004819
    0.624574624    7.615021306  159.753629581
    0.628090662    8.215904992  185.726867494
    0.631606701    8.929831652  220.284517409
    0.635122739    9.751511633  247.237451518
    0.638638777   10.677021603  280.288884601
    0.642154815   11.727447635  318.207940737
    0.645670854   12.928321446  365.626262458
    0.649186892   14.292952434  409.302933603
    0.652702930   15.793111303  439.202469255
    0.656218968   17.356708823  449.533359343
    0.659735006   18.950283519  458.467666851
    0.663251045   20.601513199  483.865446878
    0.666767083   22.378444813  528.397108655
    0.670283121   24.311441432  569.297841437
    0.673799159   26.355519138  587.652206792
    0.677315197   28.413381326  580.020974959
    0.680831236   30.432595899  570.492614911
    0.684347274   32.461011688  592.335093800
    0.687863312   34.647566089  658.183331493
    0.691379350   37.108757467  739.928528287
    0.694895389   39.802210757  780.283555640
    0.698411427   42.496736289  737.848683162
    0.701927465   44.892416688  613.230525688
    0.705443503   46.755283636  443.839669736
    0.708959541   48.022326771  281.028155306
    0.712475580   48.772911948  154.140771153
    0.715991618   49.161423728   73.695602795
    0.719507656   49.337966777   31.515433768
    0.723023694   49.408871131   11.509265196
    0.726539732   49.425970229    1.460374057
    0.730055771   49.427334215   -0.000000000
    0.733571809   49.427334215   -0.000000000
    0.737087847   49.427334215   -0.000000000
    0.740603885   49.427334215   -0.000000000
    0.744119924   49.427334215   -0.000000000
    0.747635962   49.427334215   -0.000000000
    0.751152000   49.427334215   -0.000000000
