#! FIELDS dist file.free der_dist
#! SET min_dist 0.199134
#! SET max_dist 0.751152
#! SET nbins_dist  158
#! SET periodic_dist false
    0.199134000   53.015067978   -0.417620903
    0.202650038   53.012400123   -1.225508894
    0.206166076   53.001782083   -5.695149968
    0.209682115   52.962607029  -18.925824929
    0.213198153   52.846692947  -50.838791819
    0.216714191   52.562373278 -118.059141414
    0.220230229   51.948103888 -243.760488072
    0.223746268   50.759833052 -446.478814851
    0.227262306   48.703102811 -738.362450711
    0.230778344   45.482702126 -1102.851068716
    0.234294382   40.925841330 -1486.139623114
    0.237810420   35.103337089 -1808.499753361
    0.241326459   28.389873575 -1978.729927324
    0.244842497   21.426904155 -1945.612935389
    0.248358535   14.948233413 -1709.495025882
    0.251874573    9.569240774 -1335.799521218
    0.255390611    5.597349986 -929.061065599
    0.258906650    2.975176826 -576.923680946
    0.262422688    1.420985742 -325.661117062
    0.265938726    0.571167150 -171.551819551
    0.269454764    0.144000833  -78.015658998
    0.272970803    0.000000000   -6.285272231
    0.276486841    0.091384720   57.311649948
    0.280002879    0.390445471  110.941414108
    0.283518917    0.858358327  153.331662568
    0.287034955    1.450453723  180.707055848
    0.290550994    2.118847516  199.224651698
    0.294067032    2.852999647  217.665325460
    0.297583070    3.642589206  230.603281714
    0.301099108    4.476189813  242.360540673
    0.304615146    5.335010228  244.815712363
    0.308131185    6.180425505  233.677158652
    0.311647223    6.968814998  215.455021890
    0.315163261    7.689253545  196.072241115
    0.318679299    8.360737585  188.622896005
    0.322195338    9.020994945  187.214443060
    0.325711376    9.667399486  178.577249605
    0.329227414   10.250762461  152.807111218
    0.332743452   10.723651380  113.246107782
    0.336259490   11.053937789   77.327798854
    0.339775529   11.301386524   68.827755597
    0.343291567   11.569394275   88.145712781
    0.346807605   11.929195907  116.178406637
    0.350323643   12.369806504  129.633481840
    0.353839682   12.805820294  112.583545722
    0.357355720   13.124237374   63.136174906
    0.360871758   13.236336302   -1.108876743
    0.364387796   13.126611741  -59.220714389
    0.367903834   12.853958764  -90.025650592
    0.371419873   12.532365404  -87.657387717
    0.374935911   12.263793233  -63.267915179
    0.378451949   12.079003793  -44.084968676
    0.381967987   11.932167372  -44.989531200
    0.385484025   11.729313825  -73.160660928
    0.389000064   11.414627747 -105.480182462
    0.392516102   10.999418612 -125.941616121
    0.396032140   10.551093587 -125.110954365
    0.399548178   10.138650031 -108.969824313
    0.403064217    9.789410403  -91.445699208
    0.406580255    9.487899850  -82.287114143
    0.410096293    9.193310230  -86.970618627
    0.413612331    8.858206072 -104.663482294
    0.417128369    8.449194551 -128.347138410
    0.420644408    7.964154238 -145.569793268
    0.424160446    7.453943422 -141.560751349
    0.427676484    6.998482893 -113.879368092
    0.431192522    6.665262301  -76.095631704
    0.434708561    6.452722898  -48.314185396
    0.438224599    6.293786574  -48.663147713
    0.441740637    6.079487808  -76.268060103
    0.445256675    5.746244279 -112.415370698
    0.448772713    5.310362045 -131.320552254
    0.452288752    4.860620230 -121.238879242
    0.455804790    4.484803097  -88.134553708
    0.459320828    4.249082353  -47.134958300
    0.462836866    4.146538585  -12.462521988
    0.466352904    4.135793328    3.776775856
    0.469868943    4.156054818    3.620929339
    0.473384981    4.144096246  -12.827706250
    0.476901019    4.046973716  -42.957629693
    0.480417057    3.835367012  -72.733861846
    0.483933096    3.558490914  -78.974792240
    0.487449134    3.312908105  -56.093097271
    0.490965172    3.178964331  -18.927647289
    0.494481210    3.167076735    7.248732116
    0.497997248    3.189443554    1.418837451
    0.501513287    3.148561987  -27.275620140
    0.505029325    2.996348438  -56.722682720
    0.508545363    2.781184359  -59.706996916
    0.512061401    2.612982452  -32.442233058
    0.515577439    2.565895630    4.554981789
    0.519093478    2.629016198   27.457099631
    0.522609516    2.729248898   25.328108897
    0.526125554    2.782987821    5.763161319
    0.529641592    2.775303136   -7.073431028
    0.533157631    2.750733017   -4.528160921
    0.536673669    2.752758172    5.759907670
    0.540189707    2.795184747   15.712711136
    0.543705745    2.870231126   26.079362215
    0.547221783    2.982546458   39.187395386
    0.550737822    3.147482027   55.011074503
    0.554253860    3.358586515   62.896394664
    0.557769898    3.566809992   52.485911106
    0.561285936    3.715844616   30.304313930
    0.564801975    3.785148215   10.137559952
    0.568318013    3.813707969   10.807892100
    0.571834051    3.883311503   30.137560476
    0.575350089    4.029803386   51.940777471
    0.578866127    4.232806055   60.952277566
    0.582382166    4.442932817   54.929076288
    0.585898204    4.607862250   38.625404139
    0.589414242    4.710694119   18.879807967
    0.592930280    4.742925741   -0.514703737
    0.596446318    4.719383494   -9.917387799
    0.599962357    4.701997932    5.304323826
    0.603478395    4.791185582   48.859886591
    0.606994433    5.062648958  107.042272083
    0.610510471    5.527107238  152.042052124
    0.614026510    6.087399839  162.217272031
    0.617542548    6.625357053  142.127004799
    0.621058586    7.086174520  120.725293248
    0.624574624    7.506914229  122.438995280
    0.628090662    7.976460164  149.328646347
    0.631606701    8.571311382  190.200037589
    0.635122739    9.306553096  229.510042557
    0.638638777   10.198784103  279.582449169
    0.642154815   11.277553381  334.367202293
    0.645670854   12.556351879  391.992560528
    0.649186892   14.013767283  433.286499987
    0.652702930   15.574077026  447.425937581
    0.656218968   17.124315918  433.210968125
    0.659735006   18.621293509  421.582783308
    0.663251045   20.129232270  442.319173031
    0.666767083   21.782429072  503.796546534
    0.670283121   23.688355267  580.472932299
    0.673799159   25.842704359  638.362694756
    0.677315197   28.125330426  654.425814559
    0.680831236   30.412022814  643.625095074
    0.684347274   32.660555064  641.425882665
    0.687863312   34.962348801  674.997457210
    0.691379350   37.438515796  734.592064613
    0.694895389   40.107226119  775.750321372
    0.698411427   42.822009141  757.449342990
    0.701927465   45.352603149  671.931342063
    0.705443503   47.495068725  543.809110381
    0.708959541   49.174131462  413.045050867
    0.712475580   50.421341316  301.158265458
    0.715991618   51.324857830  216.247122881
    0.719507656   51.969670086  153.010181392
    0.723023694   52.415576060  102.517664297
    0.726539732   52.696410556   60.997087445
    0.730055771   52.861014765   34.556158375
    0.733571809   52.950131904   17.035040338
    0.737087847   52.990833021    7.439126406
    0.740603885   53.008115814    2.959489078
    0.744119924   53.014608089    1.027368817
    0.747635962   53.015068079   -0.000000000
    0.751152000   53.015068079   -0.000000000
