#! FIELDS dist file.free der_dist
#! SET min_dist 0.199134
#! SET max_dist 0.751152
#! SET nbins_dist  158
#! SET periodic_dist false
    0.199134000   54.787620238   -0.417620903
    0.202650038   54.784952383   -1.225508894
    0.206166076   54.774334343   -5.695149968
    0.209682115   54.734853113  -19.129845780
    0.213198153   54.617246915  -51.757597182
    0.216714191   54.326678169 -120.879967411
    0.220230229   53.695661192 -250.836991982
    0.223746268   52.470009567 -461.354321916
    0.227262306   50.340111448 -765.956768330
    0.230778344   46.993345955 -1147.767168722
    0.234294382   42.244516292 -1550.379340522
    0.237810420   36.165864529 -1888.925899110
    0.241326459   29.154089920 -2065.969853450
    0.244842497   21.891601153 -2026.461692548
    0.248358535   15.158845053 -1771.520426323
    0.251874573    9.605248710 -1372.704948383
    0.255390611    5.546336200 -942.620383949
    0.258906650    2.906527142 -575.014349920
    0.262422688    1.372291180 -317.665577942
    0.265938726    0.550023279 -164.643880020
    0.269454764    0.140498373  -75.030236953
    0.272970803    0.000000000   -7.169189868
    0.276486841    0.083153029   53.677041040
    0.280002879    0.366126785  105.563850213
    0.283518917    0.814347037  147.718288998
    0.287034955    1.389137277  176.970164876
    0.290550994    2.051238235  199.791466395
    0.294067032    2.797052270  223.685955030
    0.297583070    3.614580054  239.897119928
    0.301099108    4.480233691  250.365766657
    0.304615146    5.357827097  246.981703433
    0.308131185    6.198223475  228.939263304
    0.311647223    6.963589877  208.228944404
    0.315163261    7.665146941  193.880962494
    0.318679299    8.348160854  198.173408560
    0.322195338    9.065979919  210.166699217
    0.325711376    9.811753424  211.077459873
    0.329227414   10.516257065  187.984348611
    0.332743452   11.107113431  144.139793185
    0.336259490   11.530657971   99.005430111
    0.339775529   11.834930174   79.344415603
    0.343291567   12.120540263   87.835774185
    0.346807605   12.463901207  107.810081847
    0.350323643   12.867974854  118.198166029
    0.353839682   13.267855666  104.434347146
    0.357355720   13.570840721   63.110285747
    0.360871758   13.699893764    8.407110830
    0.364387796   13.636705548  -43.051455198
    0.367903834   13.424289398  -72.900689574
    0.371419873   13.156505833  -74.961190831
    0.374935911   12.921104484  -57.107387229
    0.378451949   12.747829417  -43.229271116
    0.381967987   12.599597817  -46.076678641
    0.385484025   12.394386579  -73.031656995
    0.389000064   12.084601878 -102.811450623
    0.392516102   11.682823817 -121.080839306
    0.396032140   11.254530596 -118.481461680
    0.399548178   10.869539024  -99.774738835
    0.403064217   10.558589421  -78.711823531
    0.406580255   10.308524672  -65.975426750
    0.410096293   10.073800933  -69.941627802
    0.413612331    9.792559705  -92.003461685
    0.417128369    9.412820870 -125.027387369
    0.420644408    8.918729631 -154.071169923
    0.424160446    8.359497853 -160.396194923
    0.427676484    7.826234114 -138.431590108
    0.431192522    7.404163722 -101.284592253
    0.434708561    7.107504485  -70.572015373
    0.438224599    6.877907766  -66.572624288
    0.441740637    6.608214429  -90.016518390
    0.445256675    6.234216982 -121.824056341
    0.448772713    5.773132517 -136.228100508
    0.452288752    5.313535999 -122.134061154
    0.455804790    4.939030860  -86.941416098
    0.459320828    4.706196353  -47.321943219
    0.462836866    4.595775305  -17.147697883
    0.466352904    4.558529361   -6.530927233
    0.469868943    4.534301262  -10.777704034
    0.473384981    4.470092581  -27.407575609
    0.476901019    4.327711688  -53.552945836
    0.480417057    4.089601465  -77.052324775
    0.483933096    3.808271386  -77.456532413
    0.487449134    3.575092593  -51.166777165
    0.490965172    3.460115083  -13.513265398
    0.494481210    3.465419673   11.502146939
    0.497997248    3.500657173    4.608223598
    0.501513287    3.470571942  -24.190087383
    0.505029325    3.329779260  -53.443435663
    0.508545363    3.124458809  -57.838567565
    0.512061401    2.956735721  -34.451937954
    0.515577439    2.893607139   -2.545816294
    0.519093478    2.924259148   16.522405579
    0.522609516    2.983723587   13.650040804
    0.526125554    3.000001695   -3.493899556
    0.529641592    2.965506495  -13.115905408
    0.533157631    2.923430833   -8.801622824
    0.536673669    2.910060582    0.932643337
    0.540189707    2.932022267    8.935693973
    0.543705745    2.981095158   18.410492375
    0.547221783    3.068832101   33.476134407
    0.550737822    3.222007917   54.465678020
    0.554253860    3.442546456   68.900223372
    0.557769898    3.682303381   63.960806118
    0.561285936    3.876269957   43.750221608
    0.564801975    3.990203017   21.429596541
    0.568318013    4.050268061   17.098983188
    0.571834051    4.132066492   30.941195601
    0.575350089    4.274446762   49.278441389
    0.578866127    4.466419394   57.961583894
    0.582382166    4.669655226   54.400231827
    0.585898204    4.838729539   41.547054692
    0.589414242    4.955497285   23.383959333
    0.592930280    5.000235324    1.216602665
    0.596446318    4.970415850  -16.085508236
    0.599962357    4.911687851  -12.389127766
    0.603478395    4.917564972   19.464814679
    0.606994433    5.069777403   69.529160026
    0.610510471    5.397821651  113.212399717
    0.614026510    5.831118644  129.992871959
    0.617542548    6.277384555  123.121521053
    0.621058586    6.699634912  117.943165128
    0.624574624    7.136761616  133.909351591
    0.628090662    7.663382128  168.879470246
    0.631606701    8.328577701  209.190601613
    0.635122739    9.116831003  239.695841598
    0.638638777   10.023275580  277.205800962
    0.642154815   11.073830393  321.575582405
    0.645670854   12.299538782  375.884053453
    0.649186892   13.708703844  423.587289550
    0.652702930   15.256960561  451.263077263
    0.656218968   16.848393762  452.292489159
    0.659735006   18.429590433  448.906373010
    0.663251045   20.029820251  464.958411310
    0.666767083   21.733581417  507.867381201
    0.670283121   23.608867347  558.631865837
    0.673799159   25.645732988  595.216599006
    0.677315197   27.762597487  606.886298581
    0.680831236   29.908405334  614.867295620
    0.684347274   32.119175319  651.100282562
    0.687863312   34.536395496  731.093332382
    0.691379350   37.283152078  830.168849382
    0.694895389   40.331651197  892.619570454
    0.698411427   43.463072636  874.028783935
    0.701927465   46.376348009  770.828732695
    0.705443503   48.821164408  616.365386775
    0.708959541   50.708523146  459.582783472
    0.712475580   52.081262428  327.283787280
    0.715991618   53.051165008  228.772088044
    0.719507656   53.726057113  158.419902512
    0.723023694   54.183774091  104.396317582
    0.726539732   54.468719541   61.381979173
    0.730055771   54.633567025   34.556158375
    0.733571809   54.722684164   17.035040338
    0.737087847   54.763385281    7.439126406
    0.740603885   54.780668074    2.959489078
    0.744119924   54.787160349    1.027368817
    0.747635962   54.787620339   -0.000000000
    0.751152000   54.787620339   -0.000000000
