#! FIELDS dist file.free der_dist
#! SET min_dist 0.199134
#! SET max_dist 0.751152
#! SET nbins_dist  158
#! SET periodic_dist false
    0.199134000   52.896174279   -0.417620903
    0.202650038   52.893506423   -1.225508894
    0.206166076   52.882888383   -5.695149968
    0.209682115   52.843713330  -18.925824929
    0.213198153   52.727799248  -50.838791819
    0.216714191   52.443479579 -118.059141414
    0.220230229   51.829210189 -243.760488072
    0.223746268   50.640975597 -446.446710879
    0.227262306   48.584444123 -738.273157491
    0.230778344   45.364554312 -1102.634519444
    0.234294382   40.808883951 -1485.637485068
    0.237810420   34.988965512 -1807.502132660
    0.241326459   28.280285138 -1976.978419380
    0.244842497   21.325102442 -1942.906844744
    0.248358535   14.857799899 -1705.723743608
    0.251874573    9.493808966 -1331.075945535
    0.255390611    5.539806108 -923.707005192
    0.258906650    2.936675752 -571.566904367
    0.262422688    1.400174050 -321.094292642
    0.265938726    0.563865670 -168.525195930
    0.269454764    0.143891383  -76.987005252
    0.272970803    0.000000000   -7.198417778
    0.276486841    0.085467394   54.970212836
    0.280002879    0.374815864  107.874240817
    0.283518917    0.831584986  150.142079383
    0.287034955    1.412817317  177.755988450
    0.290550994    2.071540618  196.686646181
    0.294067032    2.797613215  215.594632188
    0.297583070    3.580728546  229.006732344
    0.301099108    4.409766212  241.418603133
    0.304615146    5.267139449  245.054104316
    0.308131185    6.116437416  235.754236421
    0.311647223    6.916136835  219.825657801
    0.315163261    7.655621699  202.423634907
    0.318679299    8.351034009  195.586619627
    0.322195338    9.034367563  192.987947988
    0.325711376    9.696502369  181.579180699
    0.329227414   10.285078674  152.892610693
    0.332743452   10.755225338  111.975468372
    0.336259490   11.082103731   77.054702820
    0.339775529   11.333262494   71.410075788
    0.343291567   11.615771780   93.660664447
    0.346807605   11.997800057  122.937895893
    0.350323643   12.460651757  135.125106076
    0.353839682   12.910932267  115.060495421
    0.357355720   13.232270892   62.437901684
    0.360871758   13.338147888   -3.610935302
    0.364387796   13.219237997  -61.711567604
    0.367903834   12.940005726  -91.093911346
    0.371419873   12.618072673  -86.726484033
    0.374935911   12.356538365  -60.196021516
    0.378451949   12.186703428  -38.676820143
    0.381967987   12.062754445  -37.414419410
    0.385484025   11.889937856  -63.740007360
    0.389000064   11.610082737  -95.299497326
    0.392516102   11.230089728 -116.395477177
    0.396032140   10.812268483 -117.471156346
    0.399548178   10.422301052 -103.800382665
    0.403064217   10.086865924  -88.714031407
    0.406580255    9.791130648  -81.659378601
    0.410096293    9.495706056  -87.986203582
    0.413612331    9.155074662 -106.735877128
    0.417128369    8.738026477 -130.653314056
    0.420644408    8.245725036 -147.253731975
    0.424160446    7.731426596 -142.172633530
    0.427676484    7.274954619 -114.012333194
    0.431192522    6.940272759  -76.957380009
    0.434708561    6.721694278  -51.034573727
    0.438224599    6.549942072  -53.089701591
    0.441740637    6.318933802  -80.989575252
    0.445256675    5.971945738 -115.132995754
    0.448772713    5.533000596 -130.163432497
    0.452288752    5.094315323 -116.276055182
    0.455804790    4.740083850  -81.285218704
    0.459320828    4.527202995  -41.522404079
    0.462836866    4.438215774  -10.588944870
    0.466352904    4.426986508    1.824885150
    0.469868943    4.436674510    0.189023788
    0.473384981    4.415525473  -13.985719589
    0.476901019    4.323178000  -38.723766100
    0.480417057    4.137403470  -62.357057286
    0.483933096    3.905203768  -64.463282506
    0.487449134    3.712692972  -41.085609225
    0.490965172    3.626920510   -7.075945292
    0.494481210    3.647075372   13.366128512
    0.497997248    3.679643499    1.176200864
    0.501513287    3.628181872  -32.707371536
    0.505029325    3.451329989  -64.836862383
    0.508545363    3.207221755  -67.586629543
    0.512061401    3.015445248  -37.645371986
    0.515577439    2.957016492    3.385053029
    0.519093478    3.022677533   29.891771967
    0.522609516    3.135432944   29.625923667
    0.526125554    3.203819562    9.393470730
    0.529641592    3.204382618   -6.266580095
    0.533157631    3.175818956   -7.619117599
    0.536673669    3.160631621   -0.751998357
    0.540189707    3.176214254    7.255879686
    0.543705745    3.220744430   17.426214050
    0.547221783    3.304170086   31.546372839
    0.550737822    3.445033618   49.054725482
    0.554253860    3.638725959   59.023623196
    0.557769898    3.837722165   51.213495105
    0.561285936    3.987338608   31.931944886
    0.564801975    4.067051831   14.370262165
    0.568318013    4.114062081   16.928155180
    0.571834051    4.207266561   37.262864989
    0.575350089    4.379601387   59.403597571
    0.578866127    4.608392519   68.021716983
    0.582382166    4.840974378   60.353003045
    0.585898204    5.019254250   40.392807521
    0.589414242    5.118259988   14.610348073
    0.592930280    5.122917377  -11.969917366
    0.596446318    5.047106318  -27.899335058
    0.599962357    4.958654793  -16.577741200
    0.603478395    4.969316172   26.691150243
    0.606994433    5.167256505   87.901954423
    0.610510471    5.573280568  138.199040957
    0.614026510    6.095613620  154.536402741
    0.617542548    6.616784986  140.070691358
    0.621058586    7.078094969  122.750687782
    0.624574624    7.509987916  126.383020815
    0.628090662    7.994354980  153.524153911
    0.631606701    8.602970322  193.811953462
    0.635122739    9.350299390  232.957440324
    0.638638777   10.256721168  284.405601299
    0.642154815   11.356879292  341.914825800
    0.645670854   12.668490987  403.226898173
    0.649186892   14.171444213  447.809403660
    0.652702930   15.786732004  463.878360594
    0.656218968   17.396303213  450.178471855
    0.659735006   18.951183455  437.356162143
    0.663251045   20.511362873  456.263184200
    0.666767083   22.210722789  516.226963798
    0.670283121   24.158886839  592.191730718
    0.673799159   26.353702667  649.565992523
    0.677315197   28.678165063  666.043881363
    0.680831236   31.003232169  653.669362182
    0.684347274   33.283962008  649.920464241
    0.687863312   35.616843334  685.024580357
    0.691379350   38.139897788  752.412144528
    0.694895389   40.893455559  806.722093291
    0.698411427   43.739910395  800.265471634
    0.701927465   46.426205902  714.944949077
    0.705443503   48.693221598  568.465006904
    0.708959541   50.402663980  403.820920062
    0.712475580   51.550704756  254.721628983
    0.715991618   52.240357119  143.914472052
    0.719507656   52.612640215   73.643146147
    0.723023694   52.793423282   33.353492524
    0.726539732   52.863825788   11.059555486
    0.730055771   52.887444161    3.800423457
    0.733571809   52.895605482    0.773776116
    0.737087847   52.896174379   -0.000000000
    0.740603885   52.896174379   -0.000000000
    0.744119924   52.896174379   -0.000000000
    0.747635962   52.896174379   -0.000000000
    0.751152000   52.896174379   -0.000000000
