#! FIELDS dist file.free der_dist
#! SET min_dist 0.199134
#! SET max_dist 0.751152
#! SET nbins_dist  158
#! SET periodic_dist false
    0.199134000   52.885997675   -0.417620903
    0.202650038   52.883329820   -1.225508894
    0.206166076   52.872711780   -5.695149968
    0.209682115   52.833536726  -18.925824929
    0.213198153   52.717622644  -50.838791819
    0.216714191   52.433302975 -118.059141414
    0.220230229   51.819033585 -243.760488072
    0.223746268   50.630798993 -446.446710879
    0.227262306   48.574267519 -738.273157491
    0.230778344   45.354377708 -1102.634519444
    0.234294382   40.798707347 -1485.637485068
    0.237810420   34.978788908 -1807.502132660
    0.241326459   28.270108534 -1976.978419380
    0.244842497   21.314925838 -1942.906844744
    0.248358535   14.847623295 -1705.723743608
    0.251874573    9.483632362 -1331.075945535
    0.255390611    5.529629504 -923.707005192
    0.258906650    2.926691981 -571.471233961
    0.262422688    1.390760055 -320.845442781
    0.265938726    0.555821181 -167.961605650
    0.269454764    0.138710614  -75.880663816
    0.272970803    0.000000000   -5.329026676
    0.276486841    0.093505065   57.658197705
    0.280002879    0.393385882  111.095111042
    0.283518917    0.861473950  153.248412779
    0.287034955    1.452168486  179.897850950
    0.290550994    2.115773877  197.265881262
    0.294067032    2.841063354  214.635441612
    0.297583070    3.619054210  227.211020729
    0.301099108    4.441895085  239.875314137
    0.304615146    5.295585484  244.603922220
    0.308131185    6.145718315  236.667441826
    0.311647223    6.950655295  221.816596551
    0.315163261    7.698130302  204.879951941
    0.318679299    8.402339761  198.119956353
    0.322195338    9.094584149  195.549259244
    0.325711376    9.766122023  184.415056109
    0.329227414   10.365592801  156.285563956
    0.332743452   10.848593630  115.867799360
    0.336259490   11.189636148   81.149809679
    0.339775529   11.454856578   75.225218852
    0.343291567   11.749505070   96.664018970
    0.346807605   12.139999696  124.711954456
    0.350323643   12.606472436  135.385335335
    0.353839682   13.054944230  113.826083691
    0.357355720   13.369721910   59.985716502
    0.360871758   13.465577745   -6.744057993
    0.364387796   13.335578000  -64.744723259
    0.367903834   13.047165100  -93.141527796
    0.371419873   12.720796505  -87.130054358
    0.374935911   12.460841408  -58.923033663
    0.378451949   12.297690797  -36.274123996
    0.381967987   12.183038747  -34.644627421
    0.385484025   12.019668197  -61.178524115
    0.389000064   11.748389268  -92.930283905
    0.392516102   11.376530497 -114.122551832
    0.396032140   10.966320283 -115.508052597
    0.399548178   10.581494258 -102.997874603
    0.403064217   10.245034084  -90.280481234
    0.406580255    9.938522144  -86.245297507
    0.410096293    9.622261994  -95.062033570
    0.413612331    9.254554582 -114.739636423
    0.417128369    8.810650506 -137.590640117
    0.420644408    8.298038999 -151.690526357
    0.424160446    7.773445885 -143.601660385
    0.427676484    7.316818063 -112.875468685
    0.431192522    6.988872712  -74.482654238
    0.434708561    6.779447668  -48.494143005
    0.438224599    6.615416938  -51.326081147
    0.441740637    6.388831362  -80.210952011
    0.445256675    6.043317916 -114.974567219
    0.448772713    5.604553058 -130.143366227
    0.452288752    5.165989470 -116.244651865
    0.455804790    4.811458423  -81.570629714
    0.459320828    4.596272358  -42.616130645
    0.462836866    4.501701032  -12.651643715
    0.466352904    4.482023583   -0.812778840
    0.469868943    4.482452727   -2.324489866
    0.473384981    4.453534737  -15.857776281
    0.476901019    4.355755861  -39.985030801
    0.480417057    4.166064291  -63.412501477
    0.483933096    3.929760936  -65.798521527
    0.487449134    3.731794870  -42.831187609
    0.490965172    3.639434166   -9.017373878
    0.494481210    3.653021601   11.644412217
    0.497997248    3.680575216    0.079099127
    0.501513287    3.626641394  -32.992096609
    0.505029325    3.450312322  -64.263632169
    0.508545363    3.209534804  -66.307158797
    0.512061401    3.023052925  -35.976731526
    0.515577439    2.970478235    4.963811378
    0.519093478    3.040877065   30.952575221
    0.522609516    3.156059220   29.944325809
    0.526125554    3.224470192    9.147175682
    0.529641592    3.223805641   -6.637059309
    0.533157631    3.194360118   -7.701350416
    0.536673669    3.179592393   -0.449573320
    0.540189707    3.196534022    7.653403172
    0.543705745    3.241931760   17.445249683
    0.547221783    3.324221152   30.850945718
    0.550737822    3.461343756   47.654601869
    0.554253860    3.649318356   57.241261463
    0.557769898    3.842009884   49.491149025
    0.561285936    3.986101002   30.548672784
    0.564801975    4.061743275   13.439831624
    0.568318013    4.106211351   16.394251733
    0.571834051    4.198051913   36.998790508
    0.575350089    4.369752980   59.290295495
    0.578866127    4.598300003   68.008379265
    0.582382166    4.830993456   60.436664145
    0.585898204    5.009762220   40.603349246
    0.589414242    5.109904549   15.071129609
    0.592930280    5.116857498  -11.097319465
    0.596446318    5.045049342  -26.480607286
    0.599962357    4.962564148  -14.623308043
    0.603478395    4.980692488   28.916139909
    0.606994433    5.186197268   89.879021361
    0.610510471    5.597850318  139.333200484
    0.614026510    6.122068224  154.441501479
    0.617542548    6.640727376  138.780157093
    0.621058586    7.095993343  120.698672617
    0.624574624    7.520216272  124.170261477
    0.628090662    7.997271234  151.638748618
    0.631606701    8.600201554  192.477843901
    0.635122739    9.343806693  232.155614172
    0.638638777   10.248139604  283.991274249
    0.642154815   11.347284990  341.729409092
    0.645670854   12.658469826  403.154696002
    0.649186892   14.161267609  447.809403660
    0.652702930   15.776555400  463.878360594
    0.656218968   17.386126609  450.178471855
    0.659735006   18.941006851  437.356162143
    0.663251045   20.501186269  456.263184200
    0.666767083   22.200546185  516.226963798
    0.670283121   24.148710235  592.191730718
    0.673799159   26.343526063  649.565992523
    0.677315197   28.667988459  666.043881363
    0.680831236   30.993055565  653.669362182
    0.684347274   33.273785405  649.920464241
    0.687863312   35.606666730  685.024580357
    0.691379350   38.129721185  752.412144528
    0.694895389   40.883278955  806.722093291
    0.698411427   43.729733792  800.265471634
    0.701927465   46.416029299  714.944949077
    0.705443503   48.683044994  568.465006904
    0.708959541   50.392487376  403.820920062
    0.712475580   51.540528152  254.721628983
    0.715991618   52.230180516  143.914472052
    0.719507656   52.602463611   73.643146147
    0.723023694   52.783246678   33.353492524
    0.726539732   52.853649184   11.059555486
    0.730055771   52.877267557    3.800423457
    0.733571809   52.885428878    0.773776116
    0.737087847   52.885997776   -0.000000000
    0.740603885   52.885997776   -0.000000000
    0.744119924   52.885997776   -0.000000000
    0.747635962   52.885997776   -0.000000000
    0.751152000   52.885997776   -0.000000000
