#! FIELDS dist file.free der_dist
#! SET min_dist 0.199134
#! SET max_dist 0.751152
#! SET nbins_dist  158
#! SET periodic_dist false
    0.199134000   37.840404935   -0.000000000
    0.202650038   37.840404935   -0.000000000
    0.206166076   37.840404935   -0.000000000
    0.209682115   37.838572754   -1.434490901
    0.213198153   37.828213936   -5.109565597
    0.216714191   37.791192524  -17.763660342
    0.220230229   37.680762634  -50.028726782
    0.223746268   37.404189833 -113.968980433
    0.227262306   36.818449675 -230.063219689
    0.230778344   35.706910982 -415.003052209
    0.234294382   33.817582609 -670.226899465
    0.237810420   30.937084533 -972.922859080
    0.241326459   26.992464804 -1262.301804791
    0.244842497   22.158457119 -1466.017488117
    0.248358535   16.865316651 -1515.381947836
    0.251874573   11.711010649 -1388.698771229
    0.255390611    7.266440193 -1124.811126341
    0.258906650    3.881457308 -796.442835555
    0.262422688    1.651313841 -479.877751623
    0.265938726    0.437259373 -222.849421296
    0.269454764    0.000000000  -37.488375873
    0.272970803    0.102861917   85.502582679
    0.276486841    0.538206214  153.957529688
    0.280002879    1.131784346  177.518865762
    0.283518917    1.753574313  173.480463641
    0.287034955    2.342047708  160.962807613
    0.290550994    2.901980289  161.728992515
    0.294067032    3.511061916  188.399824734
    0.297583070    4.243165795  228.798305421
    0.301099108    5.124412732  270.172402509
    0.304615146    6.119641466  291.967697540
    0.308131185    7.141724575  284.193755223
    0.311647223    8.094897460  257.436948808
    0.315163261    8.944086309  227.774179076
    0.318679299    9.714648034  213.992487788
    0.322195338   10.460269929  210.727261962
    0.325711376   11.185810358  198.678664318
    0.329227414   11.827371986  164.512650891
    0.332743452   12.321792298  114.085067669
    0.336259490   12.649617430   76.895173368
    0.339775529   12.914194885   81.756059877
    0.343291567   13.270125999  126.197245129
    0.346807605   13.806782148  177.018223093
    0.350323643   14.477442927  195.679026698
    0.353839682   15.117853254  158.870226734
    0.357355720   15.539368676   73.695920109
    0.360871758   15.624123812  -26.119500546
    0.364387796   15.385147718 -104.162528317
    0.367903834   14.954834976 -130.489688945
    0.371419873   14.531343982 -102.128629876
    0.374935911   14.276061210  -40.835200310
    0.378451949   14.229467890    9.092290934
    0.381967987   14.293134049   17.727108228
    0.385484025   14.293999102  -23.191811622
    0.389000064   14.109198842  -82.284642423
    0.392516102   13.731331941 -126.517859598
    0.396032140   13.257264701 -137.141103630
    0.399548178   12.800084450 -121.346561693
    0.403064217   12.410813043 -102.541764940
    0.406580255   12.062751919  -99.145792827
    0.410096293   11.687180463 -116.497980947
    0.413612331   11.224351348 -147.065014290
    0.417128369   10.654927739 -175.187155808
    0.420644408   10.015591056 -184.566448274
    0.424160446    9.393168714 -165.773975194
    0.427676484    8.880884748 -122.772166297
    0.431192522    8.529941425  -79.312912097
    0.434708561    8.301191893  -55.845062000
    0.438224599    8.102112946  -63.053682543
    0.441740637    7.833164889  -90.452393555
    0.445256675    7.470798341 -112.259037249
    0.448772713    7.074259121 -108.659041097
    0.452288752    6.739111900  -79.871637865
    0.455804790    6.521103915  -42.348873274
    0.459320828    6.431139877  -12.150403039
    0.462836866    6.420136761    3.397008073
    0.466352904    6.427022322   -1.741884489
    0.469868943    6.394563480  -20.282725572
    0.473384981    6.273224290  -50.417358646
    0.476901019    6.029500180  -87.168597910
    0.480417057    5.663341651 -115.059511893
    0.483933096    5.253350612 -111.739731605
    0.487449134    4.912565081  -77.487594031
    0.490965172    4.717403489  -34.079517835
    0.494481210    4.647219960  -12.594133863
    0.497997248    4.578137613  -31.786080945
    0.501513287    4.391131775  -76.331913459
    0.505029325    4.050485498 -112.995943311
    0.508545363    3.643627802 -110.484633649
    0.512061401    3.321412231  -68.036085091
    0.515577439    3.179427316  -14.067383523
    0.519093478    3.197747705   19.207399629
    0.522609516    3.275359788   20.015171545
    0.526125554    3.311209696    1.202304183
    0.529641592    3.294302371   -6.770564864
    0.533157631    3.288368741    6.262089158
    0.536673669    3.352649966   30.350254403
    0.540189707    3.501129617   50.185623540
    0.543705745    3.703424602   62.786723133
    0.547221783    3.939615538   71.946335067
    0.550737822    4.205699922   79.452960862
    0.554253860    4.486156581   77.697344688
    0.557769898    4.728863992   57.568022143
    0.561285936    4.879519464   26.550075076
    0.564801975    4.924801809    0.897209445
    0.568318013    4.916615344    0.048927054
    0.571834051    4.951825371   21.780754432
    0.575350089    5.072141940   44.746249829
    0.578866127    5.242695764   48.121255487
    0.582382166    5.382714157   26.864947610
    0.585898204    5.415430068   -8.444787386
    0.589414242    5.325065799  -42.200716608
    0.592930280    5.138874922  -60.421211834
    0.596446318    4.931427322  -52.669537406
    0.599962357    4.805805861  -13.042189804
    0.603478395    4.869763226   51.422671630
    0.606994433    5.175244338  121.503695123
    0.610510471    5.696070093  168.729439948
    0.614026510    6.314151688  178.778473306
    0.617542548    6.914601223  161.846166531
    0.621058586    7.454594427  146.279661466
    0.624574624    7.969803579  149.387191647
    0.628090662    8.523688305  168.082749335
    0.631606701    9.156666215  191.565687157
    0.635122739    9.860616506  210.011856553
    0.638638777   10.653799783  244.555038412
    0.642154815   11.608464095  301.567875006
    0.645670854   12.797687980  377.346316437
    0.649186892   14.255161867  449.579857483
    0.652702930   15.937270006  502.252456859
    0.656218968   17.760648154  532.680790113
    0.659735006   19.672223101  556.077748385
    0.663251045   21.692532788  596.244078103
    0.666767083   23.882823396  649.552805861
    0.670283121   26.236584591  683.891369618
    0.673799159   28.633862140  668.422480675
    0.677315197   30.860618526  587.967353750
    0.680831236   32.711951861  459.149261396
    0.684347274   34.074310581  319.404611741
    0.687863312   34.987491375  208.233501572
    0.691379350   35.594390315  145.102839954
    0.694895389   36.053950880  120.955628077
    0.698411427   36.464663059  114.391122561
    0.701927465   36.856290703  106.690078167
    0.705443503   37.199738734   87.654897054
    0.708959541   37.467018894   63.752885878
    0.712475580   37.647349090   39.550872467
    0.715991618   37.752708529   21.471011200
    0.719507656   37.806290321   10.073802977
    0.723023694   37.829940721    4.107096031
    0.726539732   37.839040949    1.460374057
    0.730055771   37.840404935   -0.000000000
    0.733571809   37.840404935   -0.000000000
    0.737087847   37.840404935   -0.000000000
    0.740603885   37.840404935   -0.000000000
    0.744119924   37.840404935   -0.000000000
    0.747635962   37.840404935   -0.000000000
    0.751152000   37.840404935   -0.000000000
