#! FIELDS dist file.free der_dist
#! SET min_dist 0.199134
#! SET max_dist 0.751152
#! SET nbins_dist  158
#! SET periodic_dist false
    0.199134000   40.887831953   -0.000000000
    0.202650038   40.887831953   -0.000000000
    0.206166076   40.887369658   -0.536741260
    0.209682115   40.880757509   -4.308235263
    0.213198153   40.852053292  -13.609647125
    0.216714191   40.766016717  -38.514202775
    0.220230229   40.546006661  -93.968319433
    0.223746268   40.054214188 -194.892937658
    0.227262306   39.099294904 -360.668227200
    0.230778344   37.434279525 -598.489897406
    0.234294382   34.824074821 -892.970961376
    0.237810420   31.135606840 -1203.307111251
    0.241326459   26.428905404 -1458.489380515
    0.244842497   21.020109468 -1592.115626753
    0.248358535   15.434662799 -1554.954945732
    0.251874573   10.284148640 -1350.325579304
    0.255390611    6.072479459 -1036.189819523
    0.258906650    3.038363589 -690.859597938
    0.262422688    1.167685077 -384.723333043
    0.265938726    0.245614010 -153.435069009
    0.269454764    0.000000000    2.276275826
    0.272970803    0.196270468   99.891550412
    0.276486841    0.648798732  150.545553084
    0.280002879    1.211315913  164.231836609
    0.283518917    1.783036847  159.424568299
    0.287034955    2.326956525  150.266164048
    0.290550994    2.857434098  155.044249801
    0.294067032    3.444633209  181.518197399
    0.297583070    4.141465286  214.543687965
    0.301099108    4.953299989  244.762234766
    0.304615146    5.838281767  255.187344441
    0.308131185    6.715195593  239.133777916
    0.311647223    7.500265356  207.153032425
    0.315163261    8.164363910  172.832601299
    0.318679299    8.733978480  154.825587238
    0.322195338    9.268537292  150.432783919
    0.325711376    9.790808176  145.293500411
    0.329227414   10.273827744  129.819770775
    0.332743452   10.694130789  107.579881774
    0.336259490   11.052101127   99.861380974
    0.339775529   11.436394438  124.477074939
    0.343291567   11.953243452  172.131473394
    0.346807605   12.634046819  211.109692412
    0.350323643   13.392215511  211.320707335
    0.353839682   14.062569909  162.001335428
    0.357355720   14.488502107   75.038895927
    0.360871758   14.589553342  -17.180343929
    0.364387796   14.397894357  -86.649464708
    0.367903834   14.036212746 -110.188951077
    0.371419873   13.680095345  -84.665151957
    0.374935911   13.478312912  -27.302285837
    0.378451949   13.477557435   22.889065466
    0.381967987   13.598974704   37.052883996
    0.385484025   13.675285931   -0.744462698
    0.389000064   13.559400656  -67.799856319
    0.392516102   13.198310269 -133.567175397
    0.396032140   12.651115188 -171.266951552
    0.399548178   12.038476346 -172.918832063
    0.403064217   11.467358504 -150.157579691
    0.406580255   10.994121946 -119.643260412
    0.410096293   10.613945551  -98.070527188
    0.413612331   10.281252553  -93.427837989
    0.417128369    9.939293144 -102.772386132
    0.420644408    9.556824451 -114.006162299
    0.424160446    9.158852100 -110.133657921
    0.427676484    8.809011986  -85.498122450
    0.431192522    8.566201920  -53.502995117
    0.434708561    8.422560445  -31.923653972
    0.438224599    8.311940271  -36.794026614
    0.441740637    8.136296538  -65.219054701
    0.445256675    7.847131913  -97.605113334
    0.448772713    7.472068803 -111.622105878
    0.452288752    7.095475571  -99.815138421
    0.455804790    6.789233660  -70.817938011
    0.459320828    6.600528243  -38.176142776
    0.462836866    6.511151471  -14.790522415
    0.466352904    6.464983550  -14.721555504
    0.469868943    6.384480932  -36.399858461
    0.473384981    6.188356900  -77.601588542
    0.476901019    5.826263068 -126.562792458
    0.480417057    5.313921445 -156.248300315
    0.483933096    4.781257982 -137.129556622
    0.487449134    4.404328822  -70.720270907
    0.490965172    4.298097914    9.486148495
    0.494481210    4.433663334   58.338543793
    0.497997248    4.635332997   48.297360605
    0.501513287    4.720604982   -3.994623068
    0.505029325    4.605067345  -58.203298803
    0.508545363    4.356651830  -74.819598413
    0.512061401    4.131067992  -48.133465969
    0.515577439    4.037950402   -5.462318779
    0.519093478    4.072910313   20.890649546
    0.522609516    4.151238019   19.435720558
    0.526125554    4.188459007    3.237378948
    0.529641592    4.185787317   -0.554977299
    0.533157631    4.206457532   14.608757037
    0.536673669    4.295869717   35.398317051
    0.540189707    4.447427145   46.258949813
    0.543705745    4.616823433   47.828396734
    0.547221783    4.781159571   46.340774821
    0.550737822    4.942712561   45.881005193
    0.554253860    5.094559952   38.660069916
    0.557769898    5.194948743   16.175718748
    0.561285936    5.200545899  -13.939173783
    0.564801975    5.110180562  -35.120229535
    0.568318013    4.988277570  -28.199950667
    0.571834051    4.939530700    2.153947607
    0.575350089    5.003966386   32.205555383
    0.578866127    5.139613695   40.506079514
    0.582382166    5.259926375   23.410831530
    0.585898204    5.288965380   -6.757235742
    0.589414242    5.216040209  -33.834475561
    0.592930280    5.071203199  -45.706304808
    0.596446318    4.922690389  -34.515104456
    0.599962357    4.862051392    5.402198395
    0.603478395    4.989796930   69.488042057
    0.606994433    5.361347683  141.808904689
    0.610510471    5.963636190  195.433686259
    0.614026510    6.688931340  212.745635766
    0.617542548    7.414285708  197.669820353
    0.621058586    8.073039002  176.783874459
    0.624574624    8.677746151  169.565913840
    0.628090662    9.286251940  179.829463759
    0.631606701    9.953920235  200.723034952
    0.635122739   10.694262585  222.125600408
    0.638638777   11.534006619  257.687263090
    0.642154815   12.522361268  306.336847929
    0.645670854   13.699018546  363.682170721
    0.649186892   15.069071518  413.407130017
    0.652702930   16.588367504  446.454331838
    0.656218968   18.193331999  465.549369656
    0.659735006   19.863331173  487.065060003
    0.663251045   21.646345483  530.783786568
    0.666767083   23.617115378  590.145779876
    0.670283121   25.773367585  631.048081063
    0.673799159   27.999035777  624.331500021
    0.677315197   30.096341247  560.272998387
    0.680831236   31.898384208  461.480651845
    0.684347274   33.345926827  368.084509994
    0.687863312   34.528486253  313.409933353
    0.691379350   35.601514692  302.710417686
    0.694895389   36.676307728  308.534518887
    0.698411427   37.753573086  300.537519708
    0.701927465   38.754526237  263.451413598
    0.705443503   39.575439221  201.421252574
    0.708959541   40.165958487  134.706647024
    0.712475580   40.534871911   78.162184910
    0.715991618   40.737038308   39.390283439
    0.719507656   40.833204140   17.591930768
    0.723023694   40.873719762    6.861416608
    0.726539732   40.886467967    1.460374057
    0.730055771   40.887831953   -0.000000000
    0.733571809   40.887831953   -0.000000000
    0.737087847   40.887831953   -0.000000000
    0.740603885   40.887831953   -0.000000000
    0.744119924   40.887831953   -0.000000000
    0.747635962   40.887831953   -0.000000000
    0.751152000   40.887831953   -0.000000000
