#! FIELDS dist file.free der_dist
#! SET min_dist 0.199134
#! SET max_dist 0.751152
#! SET nbins_dist  158
#! SET periodic_dist false
    0.199134000   56.732938421   -0.417620903
    0.202650038   56.730270566   -1.225508894
    0.206166076   56.719403155   -6.042773819
    0.209682115   56.676525023  -21.022485729
    0.213198153   56.547314403  -56.965540307
    0.216714191   56.226243095 -133.774280361
    0.220230229   55.527649161 -277.607050765
    0.223746268   54.172013393 -509.872941192
    0.227262306   51.823148015 -842.747061691
    0.230778344   48.154438141 -1253.458358502
    0.234294382   42.995592051 -1675.419580681
    0.237810420   36.470521216 -2013.903262501
    0.241326459   29.054304530 -2167.256877952
    0.244842497   21.506171829 -2085.549907539
    0.248358535   14.649644944 -1783.282890263
    0.251874573    9.125646017 -1346.787083436
    0.255390611    5.197225205 -897.846888360
    0.258906650    2.718832095 -530.853174040
    0.262422688    1.318241761 -287.285197784
    0.265938726    0.570681874 -152.620315105
    0.269454764    0.173912504  -78.932357421
    0.272970803    0.000000000  -21.209298007
    0.276486841    0.025520552   35.842607754
    0.280002879    0.245964000   88.409652965
    0.283518917    0.639431315  133.903993696
    0.287034955    1.171555599  166.550500474
    0.290550994    1.802647926  192.441078610
    0.294067032    2.527437597  219.022062998
    0.297583070    3.333566016  238.146546175
    0.301099108    4.198357145  251.575695155
    0.304615146    5.084138021  250.172703013
    0.308131185    5.935976295  231.912202082
    0.311647223    6.708815610  209.370634249
    0.315163261    7.411762444  193.802303967
    0.318679299    8.096861267  200.072467964
    0.322195338    8.830904902  218.285780044
    0.325711376    9.621560592  228.796907594
    0.329227414   10.405867301  215.390911468
    0.332743452   11.105960599  178.243684503
    0.336259490   11.653638476  134.411658311
    0.339775529   12.074932583  109.412317463
    0.343291567   12.445531318  105.066740738
    0.346807605   12.818230174  106.406863088
    0.350323643   13.179869607   95.400714575
    0.353839682   13.464196180   62.453524519
    0.357355720   13.597387813   10.253212850
    0.360871758   13.538870008  -43.263337818
    0.364387796   13.313739668  -81.931696138
    0.367903834   12.998006184  -92.285542671
    0.371419873   12.696407645  -75.452095475
    0.374935911   12.483511348  -45.287559635
    0.378451949   12.360942773  -27.461405434
    0.381967987   12.265269558  -32.664968877
    0.385484025   12.098829916  -64.429139586
    0.389000064   11.812406507  -97.776855013
    0.392516102   11.425256917 -117.267566993
    0.396032140   11.011320031 -113.948488747
    0.399548178   10.645102283  -93.777699103
    0.403064217   10.357318854  -71.613426985
    0.406580255   10.132030846  -59.400384392
    0.410096293    9.915950236  -66.206553172
    0.413612331    9.639115412  -93.294710587
    0.417128369    9.245696941 -131.511032333
    0.420644408    8.722000820 -164.003773644
    0.424160446    8.125918200 -170.805310222
    0.427676484    7.560303712 -145.982506926
    0.431192522    7.121006671 -103.138009124
    0.434708561    6.829930566  -65.564782398
    0.438224599    6.630569290  -54.505801029
    0.441740637    6.413467455  -72.641089999
    0.445256675    6.104432841 -103.079741624
    0.448772713    5.704542520 -120.995352715
    0.452288752    5.285117677 -115.168418251
    0.455804790    4.916904530  -90.350493377
    0.459320828    4.656223662  -59.098561998
    0.462836866    4.496739351  -32.157394581
    0.466352904    4.411015691  -18.064171746
    0.469868943    4.360595684  -13.625198852
    0.473384981    4.304676397  -19.757929079
    0.476901019    4.205705120  -36.975702114
    0.480417057    4.036485441  -55.111926613
    0.483933096    3.835139730  -54.586887657
    0.487449134    3.678443526  -31.164178870
    0.490965172    3.623790560    0.479753092
    0.494481210    3.665017784   17.817617499
    0.497997248    3.708840583    3.324024429
    0.501513287    3.662657678  -31.664783916
    0.505029325    3.487834216  -65.001054746
    0.508545363    3.238426965  -71.055914725
    0.512061401    3.023448416  -48.008425251
    0.515577439    2.913292698  -15.682448353
    0.519093478    2.899196052    4.279624705
    0.522609516    2.918623691    3.303065191
    0.526125554    2.902907036  -11.235919109
    0.529641592    2.846491142  -17.831277426
    0.533157631    2.792187847  -11.226740118
    0.536673669    2.772160679   -0.761532705
    0.540189707    2.786634422    5.954900108
    0.543705745    2.820209179   12.363071701
    0.547221783    2.880306484   23.854792764
    0.550737822    2.994805491   42.532352325
    0.554253860    3.173524968   57.713582592
    0.557769898    3.381152055   57.435318093
    0.561285936    3.564042306   44.201313426
    0.564801975    3.691115795   28.015765552
    0.568318013    3.780204628   26.115754572
    0.571834051    3.889959782   36.960064780
    0.575350089    4.042274633   48.516034631
    0.578866127    4.218865187   50.287069073
    0.582382166    4.387330077   43.118999337
    0.585898204    4.517455395   31.350193437
    0.589414242    4.605873982   17.713177491
    0.592930280    4.639889259    0.598981057
    0.596446318    4.614224433  -13.505213522
    0.599962357    4.566420130   -9.159396394
    0.603478395    4.581190569   20.970063245
    0.606994433    4.733148735   67.647893408
    0.610510471    5.046984164  106.886082421
    0.614026510    5.449925799  119.238868812
    0.617542548    5.853355024  110.047077897
    0.621058586    6.231516508  106.895474763
    0.624574624    6.641431359  130.518071152
    0.628090662    7.177075668  178.003784777
    0.631606701    7.899696955  232.841291523
    0.635122739    8.793143808  275.267966382
    0.638638777    9.838687016  319.451095361
    0.642154815   11.038023563  362.649965271
    0.645670854   12.393577313  407.386623283
    0.649186892   13.886050872  438.512482204
    0.652702930   15.449681424  444.940021051
    0.656218968   16.982600238  426.077481526
    0.659735006   18.445820909  409.740168878
    0.663251045   19.902098513  424.314869872
    0.666767083   21.479021197  477.964669321
    0.670283121   23.278499946  546.099188558
    0.673799159   25.302086200  599.227731958
    0.677315197   27.448659530  617.635063395
    0.680831236   29.623628249  618.450710605
    0.684347274   31.817603974  636.933047716
    0.687863312   34.151848167  699.187308170
    0.691379350   36.773090570  793.977014374
    0.694895389   39.720320532  875.429851273
    0.698411427   42.858750416  898.212213852
    0.701927465   45.947091435  846.380007625
    0.705443503   48.737126773  734.308828163
    0.708959541   51.080823676  596.627576630
    0.712475580   52.928999114  456.696415780
    0.715991618   54.310955224  331.661419381
    0.719507656   55.290180515  228.579546945
    0.723023694   55.941251503  145.596160836
    0.726539732   56.333185757   82.553673674
    0.730055771   56.549413652   43.909520090
    0.733571809   56.659836687   20.479624885
    0.737087847   56.707773873    8.313589832
    0.740603885   56.725986257    2.959489078
    0.744119924   56.732478532    1.027368817
    0.747635962   56.732938522   -0.000000000
    0.751152000   56.732938522   -0.000000000
