#! FIELDS dist file.free der_dist
#! SET min_dist 0.199134
#! SET max_dist 0.751152
#! SET nbins_dist  158
#! SET periodic_dist false
    0.199134000   54.442796167   -0.417620903
    0.202650038   54.440128311   -1.225508894
    0.206166076   54.429510271   -5.695149968
    0.209682115   54.390029041  -19.129845780
    0.213198153   54.272470709  -51.692941542
    0.216714191   53.982583382 -120.568772478
    0.220230229   53.353527331 -249.983481482
    0.223746268   52.132522447 -459.441030552
    0.227262306   50.012368688 -762.172478168
    0.230778344   46.683427307 -1141.289776773
    0.234294382   41.962884070 -1540.766570241
    0.237810420   35.923282036 -1876.459849620
    0.241326459   28.958482627 -2051.997860479
    0.244842497   21.745092141 -2012.822800292
    0.248358535   15.057296206 -1759.765475231
    0.251874573    9.540641249 -1363.455844929
    0.255390611    5.510196715 -935.608167905
    0.258906650    2.891826253 -569.753487197
    0.262422688    1.372982807 -314.229318202
    0.265938726    0.559042130 -163.445908013
    0.269454764    0.149185797  -76.408141283
    0.272970803    0.000000000  -10.549438814
    0.276486841    0.069840392   49.806581733
    0.280002879    0.340691875  102.741738213
    0.283518917    0.781852514  146.541107165
    0.287034955    1.354340816  176.545989018
    0.290550994    2.013743339  198.382658966
    0.294067032    2.750985161  220.150730841
    0.297583070    3.552636783  234.586224522
    0.301099108    4.398777826  244.947350363
    0.304615146    5.260327024  243.599986709
    0.308131185    6.094587570  228.933279759
    0.311647223    6.865809049  211.421232351
    0.315163261    7.582350774  198.913846334
    0.318679299    8.283579405  203.192421129
    0.322195338    9.016343408  213.385633480
    0.325711376    9.768448175  211.286424071
    0.329227414   10.467734091  184.813970671
    0.332743452   11.041865335  137.973439643
    0.336259490   11.440596820   91.381726443
    0.339775529   11.718458092   72.297148022
    0.343291567   11.983115056   83.214541409
    0.346807605   12.316118241  106.593190165
    0.350323643   12.721440785  119.942670057
    0.353839682   13.130712828  107.760608889
    0.357355720   13.445926012   66.491084609
    0.360871758   13.585023886   10.602087107
    0.364387796   13.526729179  -42.528228370
    0.367903834   13.312967477  -74.223355382
    0.371419873   13.037536557  -77.942403912
    0.374935911   12.789417185  -61.248644708
    0.378451949   12.601050995  -47.485317162
    0.381967987   12.439643151  -49.083744613
    0.385484025   12.227802201  -73.670472798
    0.389000064   11.920421220 -100.846987904
    0.392516102   11.528705247 -117.579568279
    0.396032140   11.112918979 -115.248264244
    0.399548178   10.736172891  -98.596460315
    0.403064217   10.424177173  -80.503059340
    0.406580255   10.163378957  -70.016693125
    0.410096293    9.913772909  -73.946264390
    0.413612331    9.622576448  -93.188383751
    0.417128369    9.246971879 -121.275265014
    0.420644408    8.775544554 -145.113612597
    0.424160446    8.254328226 -148.202188778
    0.427676484    7.764878668 -126.294213090
    0.431192522    7.380652169  -92.381658575
    0.434708561    7.106680266  -66.686709473
    0.438224599    6.881712579  -67.661724976
    0.441740637    6.601517092  -94.569878384
    0.445256675    6.208010299 -128.097867852
    0.448772713    5.724141857 -142.688805549
    0.452288752    5.243153030 -127.677038421
    0.455804790    4.852114867  -90.671547564
    0.459320828    4.610310922  -48.632579848
    0.462836866    4.499457652  -16.206548722
    0.466352904    4.467993830   -4.478981390
    0.469868943    4.450469669   -9.304222874
    0.473384981    4.388103978  -27.948406473
    0.476901019    4.239730165  -56.329369470
    0.480417057    3.989521400  -80.873343619
    0.483933096    3.695762568  -80.344608663
    0.487449134    3.456920674  -51.245699469
    0.490965172    3.348193885   -9.902486393
    0.494481210    3.372131348   18.282190695
    0.497997248    3.434504562   12.951605643
    0.501513287    3.433329217  -16.451558957
    0.505029325    3.315841876  -48.124409249
    0.508545363    3.123498398  -55.787800389
    0.512061401    2.957801236  -35.144025690
    0.515577439    2.889231461   -4.721254262
    0.519093478    2.911673550   14.209628782
    0.522609516    2.963648186   11.750096653
    0.526125554    2.974061987   -4.944795349
    0.529641592    2.935245350  -14.086315554
    0.533157631    2.891113227   -8.906644891
    0.536673669    2.879741754    2.243603607
    0.540189707    2.908850943   11.571465258
    0.543705745    2.967975420   21.229651957
    0.547221783    3.063055975   34.502042352
    0.550737822    3.214428387   52.286016808
    0.554253860    3.421857095   63.808367475
    0.557769898    3.641037815   57.752985195
    0.561285936    3.814725354   38.722928161
    0.564801975    3.915166920   18.845587757
    0.568318013    3.970165781   16.644328346
    0.571834051    4.051963093   31.099959474
    0.575350089    4.193596689   48.466083082
    0.578866127    4.379682650   55.338201002
    0.582382166    4.570526060   50.054263982
    0.585898204    4.722268614   36.203925680
    0.589414242    4.820225208   18.203298996
    0.592930280    4.848647783   -2.731729525
    0.596446318    4.808188901  -18.106181850
    0.599962357    4.745625597  -12.652050774
    0.603478395    4.752362592   19.995060798
    0.606994433    4.905960282   69.626773427
    0.610510471    5.232199870  112.045653983
    0.614026510    5.659215746  127.752539027
    0.617542548    6.096991722  120.766136792
    0.621058586    6.512885600  116.913988169
    0.624574624    6.950631454  135.426024185
    0.628090662    7.487588533  173.241143851
    0.631606701    8.172379562  215.805806424
    0.635122739    8.985890265  247.154299849
    0.638638777    9.917240432  283.580588500
    0.642154815   10.985423165  324.947374502
    0.645670854   12.215798230  375.043484091
    0.649186892   13.614301907  418.426536820
    0.652702930   15.138029462  442.663173580
    0.656218968   16.695213699  441.639451086
    0.659735006   18.237435862  437.615044427
    0.663251045   19.798673908  454.251462112
    0.666767083   21.467248030  498.691362882
    0.670283121   23.313832504  551.519172728
    0.673799159   25.329537303  590.276740861
    0.677315197   27.432500841  603.871447942
    0.680831236   29.570321270  613.270841037
    0.684347274   31.777070799  650.355893514
    0.687863312   34.192502825  730.773258545
    0.691379350   36.938534582  830.048968850
    0.694895389   39.986827126  892.619570454
    0.698411427   43.118248564  874.028783935
    0.701927465   46.031523937  770.828732695
    0.705443503   48.476340336  616.365386775
    0.708959541   50.363699074  459.582783472
    0.712475580   51.736438356  327.283787280
    0.715991618   52.706340936  228.772088044
    0.719507656   53.381233041  158.419902512
    0.723023694   53.838950020  104.396317582
    0.726539732   54.123895470   61.381979173
    0.730055771   54.288742953   34.556158375
    0.733571809   54.377860092   17.035040338
    0.737087847   54.418561209    7.439126406
    0.740603885   54.435844003    2.959489078
    0.744119924   54.442336277    1.027368817
    0.747635962   54.442796267   -0.000000000
    0.751152000   54.442796267   -0.000000000
