#! FIELDS dist file.free der_dist
#! SET min_dist 0.199134
#! SET max_dist 0.751152
#! SET nbins_dist  158
#! SET periodic_dist false
    0.199134000   57.136546665   -0.417620903
    0.202650038   57.133878810   -1.225508894
    0.206166076   57.122944504   -6.183584734
    0.209682115   57.078657765  -21.760619267
    0.213198153   56.944405601  -59.270213023
    0.216714191   56.610217929 -139.298648667
    0.220230229   55.882727404 -289.027394530
    0.223746268   54.471827308 -530.406229523
    0.227262306   52.030990126 -874.754264284
    0.230778344   48.229827213 -1296.327307881
    0.234294382   42.908121587 -1723.903304345
    0.237810420   36.216119334 -2058.571848136
    0.241326459   28.665237007 -2197.622154100
    0.244842497   21.046591817 -2094.646083720
    0.248358535   14.197028718 -1770.801015406
    0.251874573    8.746332343 -1319.026474657
    0.255390611    4.928239465 -864.528844212
    0.258906650    2.563076922 -501.037585775
    0.262422688    1.252237925 -266.673978942
    0.265938726    0.558254326 -142.649536074
    0.269454764    0.180209485  -77.751240400
    0.272970803    0.000000000  -25.310645034
    0.276486841    0.007046975   29.834721532
    0.280002879    0.206325171   82.556585827
    0.283518917    0.579960516  128.427218152
    0.287034955    1.092332745  160.693362904
    0.290550994    1.701270543  185.683996591
    0.294067032    2.401037198  211.682891776
    0.297583070    3.181524783  231.051473456
    0.301099108    4.022355448  245.054609614
    0.304615146    4.885578884  243.685350460
    0.308131185    5.712917344  224.245287099
    0.311647223    6.455186101  199.616215304
    0.315163261    7.119792326  181.890105236
    0.318679299    7.760483889  186.898837881
    0.322195338    8.448120437  205.293525473
    0.325711376    9.195184187  217.242159580
    0.329227414    9.943162648  206.408458146
    0.332743452   10.617171299  172.421132048
    0.336259490   11.150016861  131.676014386
    0.339775529   11.565453591  108.522465601
    0.343291567   11.933437390  104.158853381
    0.346807605   12.300092891  103.665611056
    0.350323643   12.647820444   90.276250093
    0.353839682   12.911416702   56.170189746
    0.357355720   13.024208985    5.439378857
    0.360871758   12.955235931  -44.105855079
    0.364387796   12.736361960  -77.387031119
    0.367903834   12.445766522  -82.712640706
    0.371419873   12.184094621  -62.717249309
    0.374935911   12.017520905  -32.170048355
    0.378451949   11.937134977  -17.107551911
    0.381967987   11.869579094  -27.225706695
    0.385484025   11.712800389  -64.213103161
    0.389000064   11.420470301 -100.857627910
    0.392516102   11.021712233 -120.219772797
    0.396032140   10.601941003 -113.882551556
    0.399548178   10.243533326  -89.371617788
    0.403064217    9.978654210  -63.137443243
    0.406580255    9.788547154  -48.124682323
    0.410096293    9.615122702  -53.405368714
    0.413612331    9.384211485  -80.288255938
    0.417128369    9.033772165 -120.503282274
    0.420644408    8.540943396 -157.938983604
    0.424160446    7.953407330 -172.324726575
    0.427676484    7.367707548 -155.786694448
    0.431192522    6.882123545 -119.051781037
    0.434708561    6.530388149  -83.197866858
    0.438224599    6.273794767  -68.554465591
    0.441740637    6.019988535  -79.018746248
    0.445256675    5.704469127 -100.485346485
    0.448772713    5.326953213 -111.476452092
    0.452288752    4.946975904 -103.112500680
    0.455804790    4.618500135  -80.515940324
    0.459320828    4.383652206  -54.476084578
    0.462836866    4.231138407  -32.567702795
    0.466352904    4.138508969  -21.070643282
    0.469868943    4.077372415  -16.342614664
    0.473384981    4.013863217  -21.328862512
    0.476901019    3.909619813  -38.734980998
    0.480417057    3.730697635  -59.227226785
    0.483933096    3.508666581  -62.312370665
    0.487449134    3.318890765  -41.997532732
    0.490965172    3.223624187  -11.335809431
    0.494481210    3.225420251    7.575659593
    0.497997248    3.238675219   -3.549885431
    0.501513287    3.175785227  -34.269337623
    0.505029325    2.998834051  -63.716824541
    0.508545363    2.759277479  -66.946971192
    0.512061401    2.560980451  -42.960710327
    0.515577439    2.467776825  -11.373176688
    0.519093478    2.465876792    6.877799406
    0.522609516    2.491698796    4.456922118
    0.526125554    2.478833069  -10.587298637
    0.529641592    2.424582232  -17.262079054
    0.533157631    2.371163053  -11.557001498
    0.536673669    2.345983162   -3.599715283
    0.540189707    2.345167281    0.118043816
    0.543705745    2.354119425    4.612474581
    0.547221783    2.387255835   16.746477045
    0.550737822    2.481377452   38.220173664
    0.554253860    2.650517523   56.381544663
    0.557769898    2.856569201   57.547353933
    0.561285936    3.039889773   44.181273366
    0.564801975    3.165905752   27.568288070
    0.568318013    3.254359254   26.535023148
    0.571834051    3.369690893   39.956433339
    0.575350089    3.537942170   54.570555523
    0.578866127    3.739691195   58.183321804
    0.582382166    3.935799456   50.500857852
    0.585898204    4.087563230   35.920574946
    0.589414242    4.183979367   17.498818317
    0.592930280    4.206854613   -5.686101471
    0.596446318    4.147410358  -26.436995767
    0.599962357    4.043581907  -27.764159988
    0.603478395    3.987111138   -0.247202169
    0.606994433    4.067949719   49.449429084
    0.610510471    4.332223216   97.829931537
    0.614026510    4.725560661  123.168126346
    0.617542548    5.165625455  126.580036302
    0.621058586    5.617852450  131.392561361
    0.624574624    6.117645258  155.959242259
    0.628090662    6.734909126  198.085603115
    0.631606701    7.512469132  243.601597348
    0.635122739    8.424996812  275.475007988
    0.638638777    9.454855790  310.782039796
    0.642154815   10.613497993  349.100985044
    0.645670854   11.920744293  394.437007004
    0.649186892   13.376192398  430.801133810
    0.652702930   14.925975787  444.789086977
    0.656218968   16.469518710  431.702421583
    0.659735006   17.956434027  416.802990214
    0.663251045   19.433928527  428.877204794
    0.666767083   21.020475048  478.688605337
    0.670283121   22.818859764  545.283872867
    0.673799159   24.841832772  600.186944597
    0.677315197   26.998512641  622.563541469
    0.680831236   29.197043563  626.545914453
    0.684347274   31.420417839  644.906635214
    0.687863312   33.776972661  703.542717350
    0.691379350   36.405630988  794.001434444
    0.694895389   39.350705138  875.216477256
    0.698411427   42.498312014  904.876207744
    0.701927465   45.631420867  865.808990950
    0.705443503   48.513837970  767.006322184
    0.708959541   50.988592278  637.138781958
    0.712475580   52.980913053  496.833205407
    0.715991618   54.492778770  364.570429271
    0.719507656   55.570092503  251.102905012
    0.723023694   56.283786882  159.018933741
    0.726539732   56.710564142   89.434483041
    0.730055771   56.943554561   46.965242916
    0.733571809   57.060990113   21.660691667
    0.737087847   57.111382117    8.313589832
    0.740603885   57.129594501    2.959489078
    0.744119924   57.136086776    1.027368817
    0.747635962   57.136546766   -0.000000000
    0.751152000   57.136546766   -0.000000000
