#! FIELDS dist file.free der_dist
#! SET min_dist 0.199134
#! SET max_dist 0.751152
#! SET nbins_dist  158
#! SET periodic_dist false
    0.199134000   49.427334215   -0.000000000
    0.202650038   49.427334215   -0.000000000
    0.206166076   49.424011852   -2.372341635
    0.209682115   49.404818745  -10.342885037
    0.213198153   49.335012025  -32.159810977
    0.216714191   49.143898866  -82.438833011
    0.220230229   48.696077993 -183.506455487
    0.223746268   47.772606570 -355.361823850
    0.227262306   46.093979773 -614.622304751
    0.230778344   43.359355994 -951.886195642
    0.234294382   39.361502049 -1322.157250435
    0.237810420   34.108178878 -1652.707702328
    0.241326459   27.894131566 -1854.138579555
    0.244842497   21.287516308 -1869.431764828
    0.248358535   14.983430508 -1685.663417898
    0.251874573    9.611568593 -1352.352570672
    0.255390611    5.543500912 -962.963861272
    0.258906650    2.807876381 -604.097064350
    0.262422688    1.194087411 -331.013522616
    0.265938726    0.368572258 -153.334797735
    0.269454764    0.032746620  -46.649919138
    0.272970803    0.000000000   22.642793919
    0.276486841    0.167075379   69.658597466
    0.280002879    0.470729609  100.596791780
    0.283518917    0.864236771  122.447003187
    0.287034955    1.323108092  137.657020404
    0.290550994    1.835384951  155.218466933
    0.294067032    2.427604460  182.275469574
    0.297583070    3.117597078  210.141810664
    0.301099108    3.910342512  239.971720721
    0.304615146    4.793443738  260.889185561
    0.308131185    5.724734149  265.639290910
    0.311647223    6.645747351  257.641135416
    0.315163261    7.521373108  240.777619716
    0.318679299    8.343350627  228.306677142
    0.322195338    9.126359748  216.702519185
    0.325711376    9.854550676  195.588245261
    0.329227414   10.478645027  159.385731062
    0.332743452   10.961655076  113.269034047
    0.336259490   11.289125703   76.573084388
    0.339775529   11.540133085   72.411085936
    0.343291567   11.832538212   98.479106267
    0.346807605   12.236594271  129.950715761
    0.350323643   12.719508592  138.134654723
    0.353839682   13.161731521  106.402715156
    0.357355720   13.424244197   37.652799963
    0.360871758   13.419655330  -40.359959592
    0.364387796   13.166854155  -98.598104702
    0.367903834   12.779453497 -113.384579997
    0.371419873   12.420977860  -84.298169583
    0.374935911   12.213022818  -33.089861890
    0.378451949   12.168989373    3.649848038
    0.381967987   12.202365405    7.938975438
    0.385484025   12.182206182  -23.104102386
    0.389000064   12.034531181  -60.503116001
    0.392516102   11.769872007  -85.060750136
    0.396032140   11.458464588  -88.301090000
    0.399548178   11.162889203  -80.465170780
    0.403064217   10.887811333  -79.219086266
    0.406580255   10.589655018  -93.275228744
    0.410096293   10.213032572 -122.134534340
    0.413612331    9.721453290 -156.897318539
    0.417128369    9.116641217 -185.248317210
    0.420644408    8.442155894 -194.538342761
    0.424160446    7.786639746 -174.580130771
    0.427676484    7.243767869 -131.169367474
    0.431192522    6.867874061  -84.536960250
    0.434708561    6.628271406  -56.511761905
    0.438224599    6.434159117  -60.840011007
    0.441740637    6.171480719  -90.762162860
    0.445256675    5.791579291 -123.312763331
    0.448772713    5.332309033 -133.059900386
    0.452288752    4.895314987 -112.371632052
    0.455804790    4.564697292  -72.217347181
    0.459320828    4.389348196  -29.768196687
    0.462836866    4.343011517    1.576330246
    0.466352904    4.372545401   12.712812199
    0.469868943    4.416259187    8.395863562
    0.473384981    4.417529219   -9.630556493
    0.476901019    4.332019789  -39.095546091
    0.480417057    4.137863984  -66.538285383
    0.483933096    3.887615672  -70.081330519
    0.487449134    3.677176235  -45.250471927
    0.490965172    3.581542546   -8.565126964
    0.494481210    3.600104082   13.492696501
    0.497997248    3.631451635   -0.237026840
    0.501513287    3.566465448  -39.482983403
    0.505029325    3.353826213  -78.510015575
    0.508545363    3.051273870  -86.874519252
    0.512061401    2.786946121  -59.091256488
    0.515577439    2.654100446  -16.991039498
    0.519093478    2.653764240   12.984238685
    0.522609516    2.714767735   17.290950142
    0.526125554    2.747920796    1.793109179
    0.529641592    2.730953057   -8.612476157
    0.533157631    2.704070990   -4.334815187
    0.536673669    2.710785832    8.516992384
    0.540189707    2.769786523   22.695382659
    0.543705745    2.878335162   38.267346112
    0.547221783    3.041385873   55.547384806
    0.550737822    3.267998362   73.178361318
    0.554253860    3.540359959   79.050056719
    0.557769898    3.798803175   64.825907317
    0.561285936    3.986341566   40.408486682
    0.564801975    4.093017014   22.070121168
    0.568318013    4.172209644   28.075374218
    0.571834051    4.311714364   52.044175724
    0.575350089    4.534487177   71.774612503
    0.578866127    4.787737712   67.731718541
    0.582382166    4.982016818   37.626114892
    0.585898204    5.035618863   -7.578317207
    0.589414242    4.929890580  -52.032045165
    0.592930280    4.686768853  -83.571355183
    0.596446318    4.374475455  -88.530955968
    0.599962357    4.109491170  -55.003218692
    0.603478395    4.030365404   13.912179480
    0.606994433    4.223792204   96.914616046
    0.610510471    4.688225021  161.081482708
    0.614026510    5.301918182  182.541031597
    0.617542548    5.920237249  166.443570897
    0.621058586    6.466368171  144.146009146
    0.624574624    6.962287063  141.331454725
    0.628090662    7.488808020  162.563107349
    0.631606701    8.120382734  197.615721267
    0.635122739    8.871366431  230.674814852
    0.638638777    9.755181863  273.419436586
    0.642154815   10.799063662  320.921347665
    0.645670854   12.021713964  374.529677576
    0.649186892   13.421545646  419.654623550
    0.652702930   14.954415286  446.973626247
    0.656218968   16.537648230  452.827642901
    0.659735006   18.135399331  457.852822927
    0.663251045   19.781629585  482.329844724
    0.666767083   21.558387085  530.743991628
    0.670283121   23.514182107  580.639563805
    0.673799159   25.618620427  610.864136793
    0.677315197   27.777739331  613.970640280
    0.680831236   29.928605425  610.261731175
    0.684347274   32.097449095  631.318629885
    0.687863312   34.410898506  690.682718579
    0.691379350   36.970592445  763.206153999
    0.694895389   39.730231548  794.888899021
    0.698411427   42.463595956  745.793395410
    0.701927465   44.879279203  617.040879773
    0.705443503   46.750989186  445.392418579
    0.708959541   48.021356986  281.511461659
    0.712475580   48.772911948  154.140771153
    0.715991618   49.161423728   73.695602795
    0.719507656   49.337966777   31.515433768
    0.723023694   49.408871131   11.509265196
    0.726539732   49.425970229    1.460374057
    0.730055771   49.427334215   -0.000000000
    0.733571809   49.427334215   -0.000000000
    0.737087847   49.427334215   -0.000000000
    0.740603885   49.427334215   -0.000000000
    0.744119924   49.427334215   -0.000000000
    0.747635962   49.427334215   -0.000000000
    0.751152000   49.427334215   -0.000000000
