#! FIELDS dist file.free der_dist
#! SET min_dist 0.199134
#! SET max_dist 0.751152
#! SET nbins_dist  158
#! SET periodic_dist false
    0.199134000   56.747059579   -0.417620903
    0.202650038   56.744391723   -1.225508894
    0.206166076   56.733524313   -6.042773819
    0.209682115   56.690646181  -21.022485729
    0.213198153   56.561435561  -56.965540307
    0.216714191   56.240364253 -133.774280361
    0.220230229   55.541770319 -277.607050765
    0.223746268   54.186134551 -509.872941192
    0.227262306   51.837269173 -842.747061691
    0.230778344   48.168559298 -1253.458358502
    0.234294382   43.009713209 -1675.419580681
    0.237810420   36.484642374 -2013.903262501
    0.241326459   29.068425687 -2167.256877952
    0.244842497   21.520292987 -2085.549907539
    0.248358535   14.663766102 -1783.282890263
    0.251874573    9.139729168 -1346.811025776
    0.255390611    5.211150367 -897.928378619
    0.258906650    2.732288251 -531.053041594
    0.262422688    1.330619025 -287.732608658
    0.265938726    0.580822718 -153.474823612
    0.269454764    0.180081573  -80.360809809
    0.272970803    0.000000000  -23.289694607
    0.276486841    0.017193343   33.225979096
    0.280002879    0.227990468   85.618985945
    0.283518917    0.612124762  131.465058264
    0.287034955    1.137112047  165.006859732
    0.290550994    1.764857036  192.103446777
    0.294067032    2.490429513  219.762259919
    0.297583070    3.300398100  239.478463441
    0.301099108    4.169647330  252.637116459
    0.304615146    5.057527364  250.183448368
    0.308131185    5.906668443  230.280921483
    0.311647223    6.670604741  205.948265660
    0.315163261    7.358517539  188.766011252
    0.318679299    8.023812162  193.923940538
    0.322195338    8.735211801  211.668596836
    0.325711376    9.502791879  222.392799655
    0.329227414   10.265960003  209.872975112
    0.332743452   10.949039127  174.155872386
    0.336259490   11.485534455  132.167040041
    0.339775529   11.902480570  109.213492621
    0.343291567   12.276122129  106.985600013
    0.346807605   12.658847274  110.126056804
    0.350323643   13.035734098  100.180735552
    0.353839682   13.336831835   66.971719247
    0.357355720   13.483293877   13.082439326
    0.360871758   13.430229664  -43.079840004
    0.364387796   13.201067789  -84.277312771
    0.367903834   12.874315474  -95.943821628
    0.371419873   12.559846520  -78.828641835
    0.374935911   12.337732714  -47.006042087
    0.378451949   12.212790233  -27.127130261
    0.381967987   12.121472037  -30.636003627
    0.385484025   11.963977419  -61.493651135
    0.389000064   11.688434230  -94.640415949
    0.392516102   11.312027470 -114.354262470
    0.396032140   10.907502459 -111.554285186
    0.399548178   10.548560948  -92.051255946
    0.403064217   10.265525839  -70.639667045
    0.406580255   10.042460883  -59.079076923
    0.410096293    9.826634537  -66.287762795
    0.413612331    9.549463055  -93.341320195
    0.417128369    9.156404139 -131.196831625
    0.420644408    8.634785222 -163.121939900
    0.424160446    8.042823267 -169.333738309
    0.427676484    7.483490358 -143.876514615
    0.431192522    7.052755275 -100.368720981
    0.434708561    6.772668316  -62.097845062
    0.438224599    6.586368356  -50.587468523
    0.441740637    6.383177936  -68.729790048
    0.445256675    6.087086195  -99.723402233
    0.448772713    5.697294793 -118.666774362
    0.452288752    5.283864269 -114.105087914
    0.455804790    4.917284210  -90.462077127
    0.459320828    4.654641293  -60.036967658
    0.462836866    4.491050703  -33.475268739
    0.466352904    4.400562507  -19.401607552
    0.469868943    4.345870784  -14.704466710
    0.473384981    4.286541476  -20.645168531
    0.476901019    4.184384488  -37.943011973
    0.480417057    4.011198967  -56.439324108
    0.483933096    3.804346577  -56.388974649
    0.487449134    3.640673504  -33.280911921
    0.490965172    3.578546478   -1.574447618
    0.494481210    3.613408449   16.333286642
    0.497997248    3.653652333    2.824566789
    0.501513287    3.607650169  -31.060241789
    0.505029325    3.436646772  -63.497126817
    0.508545363    3.193372224  -69.156526745
    0.512061401    2.984885594  -46.299757250
    0.515577439    2.879765669  -14.584684010
    0.519093478    2.868235752    4.646708714
    0.522609516    2.887840417    3.063711775
    0.526125554    2.870440758  -11.903491537
    0.529641592    2.811179780  -18.776143182
    0.533157631    2.753018150  -12.497014083
    0.536673669    2.727689208   -2.520922859
    0.540189707    2.735020252    3.652179243
    0.543705745    2.759735055    9.682545365
    0.547221783    2.810424515   21.308021903
    0.550737822    2.917349393   40.910045728
    0.554253860    3.093146951   57.780750117
    0.557769898    3.304555414   59.538758727
    0.561285936    3.498118107   48.068928484
    0.564801975    3.640688441   32.780257389
    0.568318013    3.746433827   30.640712867
    0.571834051    3.870226148   40.310955694
    0.575350089    4.031595198   50.297707325
    0.578866127    4.211841797   50.628912380
    0.582382166    4.379669893   42.528967490
    0.585898204    4.506911732   30.387227611
    0.589414242    4.591748019   16.659377783
    0.592930280    4.621695259   -0.742660745
    0.596446318    4.589942027  -15.717914079
    0.599962357    4.532084567  -12.721533608
    0.603478395    4.531866810   16.057310543
    0.606994433    4.665269954   62.200790937
    0.610510471    4.960948324  102.239242271
    0.614026510    5.350802875  116.592081141
    0.617542548    5.749233556  109.844964021
    0.621058586    6.130227901  108.589379326
    0.624574624    6.548021942  133.124961992
    0.628090662    7.092954620  180.559276020
    0.631606701    7.823632010  234.815517129
    0.635122739    8.722749729  276.520668799
    0.638638777    9.771542639  320.074321888
    0.642154815   10.972286148  362.879638926
    0.645670854   12.328533402  407.636723166
    0.649186892   13.822731497  439.336081284
    0.652702930   15.391010564  446.838803598
    0.656218968   16.932742033  429.174275462
    0.659735006   18.408449375  413.641078467
    0.663251045   19.878807171  428.295343785
    0.666767083   21.468806590  481.342287588
    0.670283121   23.278561232  548.539695258
    0.673799159   25.309043917  600.713689845
    0.677315197   27.459557595  618.433644747
    0.680831236   29.636510755  618.821792368
    0.684347274   31.831354189  637.082929098
    0.687863312   34.165929214  699.240116418
    0.691379350   36.787211728  793.977014374
    0.694895389   39.734441690  875.429851273
    0.698411427   42.872871573  898.212213852
    0.701927465   45.961212593  846.380007625
    0.705443503   48.751247930  734.308828163
    0.708959541   51.094944834  596.627576630
    0.712475580   52.943120272  456.696415780
    0.715991618   54.325076382  331.661419381
    0.719507656   55.304301673  228.579546945
    0.723023694   55.955372660  145.596160836
    0.726539732   56.347306915   82.553673674
    0.730055771   56.563534810   43.909520090
    0.733571809   56.673957845   20.479624885
    0.737087847   56.721895031    8.313589832
    0.740603885   56.740107415    2.959489078
    0.744119924   56.746599690    1.027368817
    0.747635962   56.747059679   -0.000000000
    0.751152000   56.747059679   -0.000000000
