#! FIELDS dist file.free der_dist
#! SET min_dist 0.199134
#! SET max_dist 0.751152
#! SET nbins_dist  158
#! SET periodic_dist false
    0.199134000   49.116328467   -0.000000000
    0.202650038   49.116328467   -0.000000000
    0.206166076   49.113006103   -2.372341635
    0.209682115   49.093812997  -10.342885037
    0.213198153   49.024006276  -32.159810977
    0.216714191   48.832893117  -82.438833011
    0.220230229   48.385072245 -183.506455487
    0.223746268   47.461600821 -355.361823850
    0.227262306   45.782974024 -614.622304751
    0.230778344   43.048436809 -951.815902256
    0.234294382   39.051149226 -1321.879939537
    0.237810420   33.799438244 -1652.015805394
    0.241326459   27.589273475 -1852.499631755
    0.244842497   20.990987005 -1866.192889151
    0.248358535   14.702246402 -1680.040838203
    0.251874573    9.355215923 -1343.758169008
    0.255390611    5.322724642 -951.396790547
    0.258906650    2.631981996 -590.339023380
    0.262422688    1.068301192 -316.563543178
    0.265938726    0.292346357 -139.875564057
    0.269454764    0.000000000  -35.548910807
    0.272970803    0.001052725   30.712234048
    0.276486841    0.191197095   74.729528771
    0.280002879    0.507613930  102.815216795
    0.283518917    0.904102065  121.949925437
    0.287034955    1.356425795  134.437381216
    0.290550994    1.853010080  149.599492089
    0.294067032    2.422386582  175.101180552
    0.297583070    3.086441086  202.815628035
    0.301099108    3.855278823  233.889332114
    0.304615146    4.720215337  256.650160247
    0.308131185    5.639301244  262.786065148
    0.311647223    6.551387446  255.172485893
    0.315163261    7.416877806  237.329845696
    0.318679299    8.223946653  223.254534465
    0.322195338    8.986874842  210.481188435
    0.325711376    9.692789938  189.368472436
    0.329227414   10.297430899  154.824476363
    0.332743452   10.769170337  111.554779459
    0.336259490   11.096510298   78.169946970
    0.339775529   11.358215049   76.804503756
    0.343291567   11.669927397  104.864799009
    0.346807605   12.098903974  137.653676225
    0.350323643   12.610574118  146.778937677
    0.353839682   13.084866943  116.021424203
    0.357355720   13.382622237   48.017233374
    0.360871758   13.415059831  -29.869724720
    0.364387796   13.197158458  -89.537800626
    0.367903834   12.836214092 -107.740056040
    0.371419873   12.488812019  -83.882545112
    0.374935911   12.271899950  -38.572611108
    0.378451949   12.199319585   -6.776169526
    0.381967987   12.190790470   -5.011913948
    0.385484025   12.124886687  -35.690859657
    0.389000064   11.937342343  -70.248882824
    0.392516102   11.645844978  -90.430028188
    0.396032140   11.324220919  -88.696952805
    0.399548178   11.036112563  -75.864649379
    0.403064217   10.784830103  -70.532153740
    0.406580255   10.521948623  -82.311596200
    0.410096293   10.184291844 -111.263262724
    0.413612331    9.727783894 -148.075771780
    0.417128369    9.149459167 -178.965570314
    0.420644408    8.493630807 -190.039572917
    0.424160446    7.852600437 -170.733508558
    0.427676484    7.322515081 -127.841862164
    0.431192522    6.955882357  -82.857165942
    0.434708561    6.717210066  -57.814658998
    0.438224599    6.513048018  -65.097483483
    0.441740637    6.232707135  -96.148476531
    0.445256675    5.835838368 -127.115073927
    0.448772713    5.368775398 -133.485347740
    0.452288752    4.936371874 -109.422216447
    0.455804790    4.620331331  -67.103223226
    0.459320828    4.464923606  -23.653857036
    0.462836866    4.441081984    8.284398615
    0.466352904    4.495339310   20.102609309
    0.469868943    4.566006556   16.256148182
    0.473384981    4.593987602   -2.604630542
    0.476901019    4.528966021  -34.773991331
    0.480417057    4.343049328  -66.289348792
    0.483933096    4.086420532  -73.838872814
    0.487449134    3.857502718  -51.742236947
    0.490965172    3.736595976  -16.228965119
    0.494481210    3.727979059    5.812986330
    0.497997248    3.733019392   -7.448864036
    0.501513287    3.643654552  -46.089927001
    0.505029325    3.409138039  -84.372533285
    0.508545363    3.087145724  -92.076731799
    0.512061401    2.805523930  -63.732653014
    0.515577439    2.657798125  -20.683831591
    0.519093478    2.647346040   11.131464343
    0.522609516    2.707120904   18.716141634
    0.526125554    2.753005044    7.696290289
    0.529641592    2.764737666    1.604452712
    0.533157631    2.778655374    8.190723220
    0.536673669    2.828504752   19.917273152
    0.540189707    2.920282168   29.447263695
    0.543705745    3.040910988   38.192905268
    0.547221783    3.191452053   48.682707592
    0.550737822    3.384742210   61.604819131
    0.554253860    3.613010090   66.127834494
    0.557769898    3.828443273   53.707925550
    0.561285936    3.983125468   33.059662916
    0.564801975    4.071546178   18.995508905
    0.568318013    4.146625254   28.686153075
    0.571834051    4.293168855   55.239570677
    0.575350089    4.530189895   76.550263695
    0.578866127    4.801680080   73.269746189
    0.582382166    5.016393127   43.669784463
    0.585898204    5.092169497   -1.016444482
    0.589414242    5.010601341  -44.836715501
    0.592930280    4.794143166  -75.609597653
    0.596446318    4.511247806  -79.893672539
    0.599962357    4.276745539  -46.470457739
    0.603478395    4.226049705   21.358298169
    0.606994433    4.442598593  102.431411762
    0.610510471    4.922518467  164.568349524
    0.614026510    5.546967215  185.562295123
    0.617542548    6.179702313  172.134442386
    0.621058586    6.755250906  155.696379238
    0.624574624    7.304015558  159.753629581
    0.628090662    7.904899243  185.726867494
    0.631606701    8.618825903  220.284517409
    0.635122739    9.440505884  247.237451518
    0.638638777   10.366015854  280.288884601
    0.642154815   11.416441886  318.207940737
    0.645670854   12.617315697  365.626262458
    0.649186892   13.981946685  409.302933603
    0.652702930   15.482105554  439.202469255
    0.656218968   17.045703074  449.533359343
    0.659735006   18.639277770  458.467666851
    0.663251045   20.290507451  483.865446878
    0.666767083   22.067439064  528.397108655
    0.670283121   24.000435683  569.297841437
    0.673799159   26.044513389  587.652206792
    0.677315197   28.102375578  580.020974959
    0.680831236   30.121590151  570.492614911
    0.684347274   32.150005939  592.335093800
    0.687863312   34.336560341  658.183331493
    0.691379350   36.797751718  739.928528287
    0.694895389   39.491205008  780.283555640
    0.698411427   42.185730540  737.848683162
    0.701927465   44.581410939  613.230525688
    0.705443503   46.444277887  443.839669736
    0.708959541   47.711321022  281.028155306
    0.712475580   48.461906199  154.140771153
    0.715991618   48.850417980   73.695602795
    0.719507656   49.026961028   31.515433768
    0.723023694   49.097865382   11.509265196
    0.726539732   49.114964480    1.460374057
    0.730055771   49.116328467   -0.000000000
    0.733571809   49.116328467   -0.000000000
    0.737087847   49.116328467   -0.000000000
    0.740603885   49.116328467   -0.000000000
    0.744119924   49.116328467   -0.000000000
    0.747635962   49.116328467   -0.000000000
    0.751152000   49.116328467   -0.000000000
