#! FIELDS dist file.free der_dist
#! SET min_dist 0.199134
#! SET max_dist 0.751152
#! SET nbins_dist  158
#! SET periodic_dist false
    0.199134000   58.860182133   -0.417620903
    0.202650038   58.857514277   -1.225508894
    0.206166076   58.846215103   -6.440437493
    0.209682115   58.799452844  -23.032759366
    0.213198153   58.656966165  -63.069201773
    0.216714191   58.300925988 -148.475653745
    0.220230229   57.525615005 -307.928110193
    0.223746268   56.022919906 -564.641962484
    0.227262306   53.427518124 -929.042645880
    0.230778344   49.398208506 -1371.433339239
    0.234294382   43.783378035 -1813.872869715
    0.237810420   36.767598670 -2150.097342758
    0.241326459   28.916783923 -2273.968543079
    0.244842497   21.077064330 -2142.442410152
    0.248358535   14.117305852 -1785.974572677
    0.251874573    8.661815381 -1308.526700849
    0.255390611    4.905139716 -842.604927559
    0.258906650    2.615870345 -481.831547338
    0.262422688    1.354377674 -258.540764931
    0.265938726    0.667249019 -146.466845753
    0.269454764    0.260928519  -89.115569112
    0.272970803    0.035962957  -38.462259694
    0.276486841    0.000000000   19.012192049
    0.280002879    0.168198358   75.744329304
    0.283518917    0.524819807  125.456515570
    0.287034955    1.032575249  160.863498493
    0.290550994    1.646014689  187.819521335
    0.294067032    2.354443019  214.256951810
    0.297583070    3.142824404  232.785924005
    0.301099108    3.987837187  245.748956879
    0.304615146    4.853627924  244.816341890
    0.308131185    5.689791037  228.625427088
    0.311647223    6.456506204  209.347620256
    0.315163261    7.164887589  196.786628550
    0.318679299    7.863304624  204.120602612
    0.322195338    8.609773005  220.797656355
    0.325711376    9.403112796  227.669289440
    0.329227414   10.176544203  210.371186758
    0.332743452   10.853350730  170.119958610
    0.336259490   11.367278556  123.278474847
    0.339775529   11.742915052   94.399491798
    0.343291567   12.052767813   85.728534249
    0.346807605   12.352378578   84.795702282
    0.350323643   12.642310368   77.336997887
    0.353839682   12.880498639   55.682837632
    0.357355720   13.019843464   21.172269118
    0.360871758   13.033150341  -13.775925491
    0.364387796   12.936570111  -39.629380506
    0.367903834   12.777251434  -47.587621574
    0.371419873   12.620566458  -39.315051792
    0.374935911   12.508784461  -24.614119982
    0.378451949   12.428932818  -23.512091813
    0.381967987   12.323148691  -41.270298305
    0.385484025   12.114713978  -78.384223632
    0.389000064   11.780489435 -109.914113262
    0.392516102   11.361266686 -122.822607509
    0.396032140   10.941639967 -111.669297697
    0.399548178   10.594806489  -85.433010813
    0.403064217   10.343162243  -59.874640048
    0.406580255   10.161309362  -46.775069354
    0.410096293    9.989320605  -53.798704865
    0.413612331    9.755288869  -81.492522058
    0.417128369    9.400515483 -121.616952543
    0.420644408    8.904652188 -158.613052122
    0.424160446    8.314705240 -173.178076310
    0.427676484    7.724420064 -157.640363106
    0.431192522    7.230306167 -121.901150891
    0.434708561    6.869215012  -85.210166446
    0.438224599    6.611356215  -66.807142216
    0.441740637    6.374077209  -71.065319634
    0.445256675    6.097919722  -86.466680169
    0.448772713    5.775564786  -94.989609745
    0.452288752    5.449323252  -90.047221205
    0.455804790    5.152226871  -76.436520302
    0.459320828    4.911384108  -62.074319645
    0.462836866    4.713083756  -50.364475235
    0.466352904    4.547122685  -43.890305544
    0.469868943    4.407460913  -36.968822476
    0.473384981    4.284950300  -33.434375330
    0.476901019    4.158578055  -39.073734009
    0.480417057    3.998345250  -48.767991006
    0.483933096    3.825644446  -45.734259729
    0.487449134    3.695880585  -25.482226191
    0.490965172    3.650494481   -0.141206312
    0.494481210    3.678180323   11.011355125
    0.497997248    3.690842535   -6.993199927
    0.501513287    3.607879960  -41.656998784
    0.505029325    3.402821149  -71.751994833
    0.508545363    3.137490023  -73.335419862
    0.512061401    2.920101891  -47.409455219
    0.515577439    2.813182308  -15.035490704
    0.519093478    2.797321332    2.386915511
    0.522609516    2.804722826   -1.490323493
    0.526125554    2.769728944  -16.880663394
    0.529641592    2.696111265  -21.525781766
    0.533157631    2.635058980  -11.323439475
    0.536673669    2.620223184    2.056652890
    0.540189707    2.647700572   10.229530273
    0.543705745    2.695945941   16.309206739
    0.547221783    2.768076888   26.763837457
    0.550737822    2.891173834   44.523273198
    0.554253860    3.075947072   59.211016964
    0.557769898    3.289092945   59.218208158
    0.561285936    3.480250356   47.483353959
    0.564801975    3.623621330   34.339534411
    0.568318013    3.741968861   36.501074900
    0.571834051    3.894614984   50.767743302
    0.575350089    4.098115096   63.310651497
    0.578866127    4.323386406   62.552146712
    0.582382166    4.525655959   49.659398062
    0.585898204    4.666574846   30.767087595
    0.589414242    4.739971039    9.867785598
    0.592930280    4.734794687  -13.659779524
    0.596446318    4.649644994  -32.885074014
    0.599962357    4.527289572  -31.784039193
    0.603478395    4.460741158   -2.053432014
    0.606994433    4.538126225   49.146656750
    0.610510471    4.803222340   98.537264883
    0.614026510    5.201380903  125.277648506
    0.617542548    5.652461905  130.862108850
    0.621058586    6.124125843  138.022158150
    0.624574624    6.649851860  163.795894424
    0.628090662    7.293551487  204.721574991
    0.631606701    8.088467280  246.508956492
    0.635122739    9.001976535  272.984886967
    0.638638777   10.013360973  302.964521905
    0.642154815   11.137292678  337.549673529
    0.645670854   12.400469701  381.116852615
    0.649186892   13.807116164  416.644115797
    0.652702930   15.306153230  430.219065781
    0.656218968   16.799059335  417.575017042
    0.659735006   18.236881059  403.189316912
    0.663251045   19.668323363  416.277371152
    0.666767083   21.211090219  466.101106118
    0.670283121   22.962692830  531.049222096
    0.673799159   24.931852147  584.089904550
    0.677315197   27.033345936  607.735977551
    0.680831236   29.190940119  619.102601745
    0.684347274   31.411675623  651.454302637
    0.687863312   33.816367909  723.469383118
    0.691379350   36.524185078  816.454913395
    0.694895389   39.526530143  882.191318999
    0.698411427   42.646761157  880.484964517
    0.701927465   45.633842259  808.582227649
    0.705443503   48.282310846  695.905589559
    0.708959541   50.531539929  586.032907709
    0.712475580   52.427852558  497.372944617
    0.715991618   54.053855812  428.761233232
    0.719507656   55.451302765  365.093828572
    0.723023694   56.609841238  292.511008364
    0.726539732   57.494027858  211.741650484
    0.730055771   58.107193638  139.265002752
    0.733571809   58.490205955   80.880867880
    0.737087847   58.699336594   40.917305523
    0.740603885   58.799457210   18.495175134
    0.744119924   58.842682945    7.469289660
    0.747635962   58.857430701    1.681519699
    0.751152000   58.860182233   -0.000000000
