#! FIELDS dist file.free der_dist
#! SET min_dist 0.199134
#! SET max_dist 0.751152
#! SET nbins_dist  158
#! SET periodic_dist false
    0.199134000   58.390118058   -0.417620903
    0.202650038   58.387450202   -1.225508894
    0.206166076   58.376151028   -6.440437493
    0.209682115   58.329485913  -22.885462863
    0.213198153   58.188020515  -62.519977291
    0.216714191   57.835530161 -146.893868504
    0.220230229   57.069108775 -304.217593384
    0.223746268   55.585674780 -557.082005773
    0.227262306   53.026510956 -915.672091166
    0.230778344   49.056655324 -1350.881891005
    0.234294382   43.526457120 -1786.582128217
    0.237810420   36.614136510 -2119.294876095
    0.241326459   28.869943828 -2245.118498029
    0.244842497   21.119645544 -2121.241554094
    0.248358535   14.215605039 -1775.721092414
    0.251874573    8.777208162 -1308.638062579
    0.255390611    5.007296385 -849.226798627
    0.258906650    2.690362457 -490.216410541
    0.262422688    1.401478537 -265.387342109
    0.265938726    0.694792417 -150.784886395
    0.269454764    0.276629019  -91.726388195
    0.272970803    0.043666623  -40.565654837
    0.276486841    0.000000000   16.674236953
    0.280002879    0.159383714   73.174662474
    0.283518917    0.506706391  122.813568859
    0.287034955    1.005546196  158.466651334
    0.290550994    1.611432424  185.973870055
    0.294067032    2.314655673  213.163972535
    0.297583070    3.100762311  232.572717760
    0.301099108    3.946131243  246.110355399
    0.304615146    4.813366662  245.170657670
    0.308131185    5.649822713  228.387064176
    0.311647223    6.414334248  208.361507979
    0.315163261    7.118383098  195.377373979
    0.318679299    7.811651947  202.589756926
    0.322195338    8.552250269  218.952694439
    0.325711376    9.337559771  224.865618243
    0.329227414   10.098835436  206.322484488
    0.332743452   10.760279500  165.700270973
    0.336259490   11.261150174  120.634932070
    0.339775529   11.633717832   95.559949863
    0.343291567   11.955544478   91.230701119
    0.346807605   12.279312700   92.545267746
    0.350323643   12.595021994   83.599934174
    0.353839682   12.847441580   57.080358605
    0.357355720   12.981038397   16.583730050
    0.360871758   12.969612321  -22.824688071
    0.364387796   12.837998696  -49.984231618
    0.367903834   12.644472976  -56.320409380
    0.371419873   12.462332496  -44.952552497
    0.374935911   12.335952360  -27.378838231
    0.378451949   12.249987568  -24.409990217
    0.381967987   12.142983119  -41.199970028
    0.385484025   11.936062376  -77.636749564
    0.389000064   11.605838144 -108.395912598
    0.392516102   11.193830353 -120.182941554
    0.396032140   10.785686570 -107.763315737
    0.399548178   10.455027299  -80.156166133
    0.403064217   10.224022757  -53.508892630
    0.406580255   10.065607241  -39.957393908
    0.410096293    9.916925368  -47.552398525
    0.413612331    9.702206129  -76.927419695
    0.417128369    9.359282911 -119.509085497
    0.420644408    8.865992206 -159.226003503
    0.424160446    8.269623469 -176.092045260
    0.427676484    7.666299017 -161.993814083
    0.431192522    7.155523710 -126.926527958
    0.434708561    6.776159780  -90.565831144
    0.438224599    6.498754650  -72.631458548
    0.441740637    6.239625541  -77.728828825
    0.445256675    5.938106158  -94.169728689
    0.448772713    5.587128535 -103.459064281
    0.452288752    5.231030723  -98.412863124
    0.455804790    4.906198734  -83.721574790
    0.459320828    4.642792836  -67.559115041
    0.462836866    4.428970189  -53.667146130
    0.466352904    4.255247631  -45.019990262
    0.469868943    4.114948836  -36.284030622
    0.473384981    3.997261547  -31.479522258
    0.476901019    3.879118472  -36.418434970
    0.480417057    3.728820427  -45.798354933
    0.483933096    3.567165245  -42.349042953
    0.487449134    3.450718065  -21.239779190
    0.490965172    3.422100988    5.163830041
    0.494481210    3.469835390   16.968347512
    0.497997248    3.502960644   -1.576766100
    0.501513287    3.435898538  -38.270333270
    0.505029325    3.237583333  -71.362844958
    0.508545363    2.968794282  -75.528705179
    0.512061401    2.741558828  -50.453357452
    0.515577439    2.626010231  -16.489442278
    0.519093478    2.610877052    4.490385382
    0.522609516    2.633076747    4.758955078
    0.526125554    2.625747028   -7.741305612
    0.529641592    2.585780825  -12.014127270
    0.533157631    2.554687188   -4.209781999
    0.536673669    2.557688268    4.862207557
    0.540189707    2.586592909    8.295563621
    0.543705745    2.621257304   10.797913014
    0.547221783    2.670614527   19.674805695
    0.550737822    2.768989605   37.826933964
    0.554253860    2.932826355   54.091940768
    0.557769898    3.131027842   55.776500151
    0.561285936    3.312424779   45.255567381
    0.564801975    3.449225717   32.738818943
    0.568318013    3.562629504   35.319875966
    0.571834051    3.712588234   50.515347332
    0.575350089    3.917715163   64.611595045
    0.578866127    4.151103608   65.871521878
    0.582382166    4.368333497   54.752331131
    0.585898204    4.528936477   36.692354429
    0.589414242    4.622774153   15.365216234
    0.592930280    4.634441045   -9.738938479
    0.596446318    4.559036216  -31.353936504
    0.599962357    4.437281246  -33.002448769
    0.603478395    4.361680138   -5.925569337
    0.606994433    4.421673147   43.260240854
    0.610510471    4.664180393   91.802092769
    0.614026510    5.039318846  119.164714347
    0.617542548    5.472070633  126.744887437
    0.621058586    5.933805616  136.543906902
    0.624574624    6.458690016  164.613934164
    0.628090662    7.107580042  206.641076413
    0.631606701    7.909159603  248.154899863
    0.635122739    8.826821514  273.649530353
    0.638638777    9.838833878  302.779664163
    0.642154815   10.962157400  337.587265612
    0.645670854   12.227511947  382.486921277
    0.649186892   13.642743446  420.090650089
    0.652702930   15.156885167  435.190412118
    0.656218968   16.668040578  422.718340453
    0.659735006   18.121800282  406.860232681
    0.663251045   19.561698846  417.267702857
    0.666767083   21.102306369  463.849263471
    0.670283121   22.840403972  525.639547231
    0.673799159   24.785493764  575.863035501
    0.677315197   26.853568258  596.993817222
    0.680831236   28.969608171  606.275177991
    0.684347274   31.142629074  637.326559796
    0.687863312   33.497309098  709.425700618
    0.691379350   36.158103551  803.997016371
    0.694895389   39.121383739  872.503867600
    0.698411427   42.213005868  873.901433700
    0.701927465   45.181790454  804.650688183
    0.705443503   47.820116902  693.933357638
    0.708959541   50.064464725  585.124796147
    0.712475580   51.958661931  497.009393271
    0.715991618   53.583865614  428.634248907
    0.719507656   54.981238690  365.093828572
    0.723023694   56.139777163  292.511008364
    0.726539732   57.023963783  211.741650484
    0.730055771   57.637129563  139.265002752
    0.733571809   58.020141880   80.880867880
    0.737087847   58.229272519   40.917305523
    0.740603885   58.329393135   18.495175134
    0.744119924   58.372618870    7.469289660
    0.747635962   58.387366626    1.681519699
    0.751152000   58.390118158   -0.000000000
