#! FIELDS dist file.free der_dist
#! SET min_dist 0.199134
#! SET max_dist 0.751152
#! SET nbins_dist  158
#! SET periodic_dist false
    0.199134000   60.292508341   -0.417620903
    0.202650038   60.289840486   -1.225508894
    0.206166076   60.277835885   -7.005623882
    0.209682115   60.227059237  -24.950969664
    0.213198153   60.072802994  -68.252982165
    0.216714191   59.688583600 -159.988446629
    0.220230229   58.855293703 -330.220272129
    0.223746268   57.248446281 -602.279762903
    0.227262306   54.489984664 -984.149230680
    0.230778344   50.239867752 -1440.858952155
    0.234294382   44.369137962 -1887.892812827
    0.237810420   37.105149660 -2214.920257065
    0.241326459   29.061671726 -2317.170462641
    0.244842497   21.116656056 -2159.106864461
    0.248358535   14.139196452 -1780.912026903
    0.251874573    8.723143962 -1293.348222023
    0.255390611    5.019280912 -829.540939624
    0.258906650    2.760158029 -478.450834232
    0.262422688    1.491589494 -265.537804171
    0.265938726    0.767551902 -159.477115570
    0.269454764    0.314121843 -101.916042184
    0.272970803    0.051906888  -46.288782346
    0.276486841    0.000000000   17.823244866
    0.280002879    0.174834804   80.365685414
    0.283518917    0.554337596  133.340288423
    0.287034955    1.091305274  169.171042720
    0.290550994    1.731798651  194.681761448
    0.294067032    2.460946829  219.171638794
    0.297583070    3.263900111  236.337648990
    0.301099108    4.120424858  248.902008050
    0.304615146    4.997678187  248.200900221
    0.308131185    5.845742142  231.822029213
    0.311647223    6.621899843  211.320578831
    0.315163261    7.333251199  196.405908856
    0.318679299    8.025661634  201.152494762
    0.322195338    8.758697167  216.434560958
    0.325711376    9.537770293  224.308134171
    0.329227414   10.304999813  210.509277673
    0.332743452   10.990602459  175.038818555
    0.336259490   11.529072877  131.923615353
    0.339775529   11.937175973  103.463075790
    0.343291567   12.273542275   91.042293729
    0.346807605   12.580536706   83.351910122
    0.350323643   12.852897195   68.967517550
    0.353839682   13.053454831   43.430736000
    0.357355720   13.150252014   10.135956797
    0.360871758   13.134391906  -18.745936950
    0.364387796   13.034944406  -36.164625603
    0.367903834   12.902360320  -36.098239704
    0.371419873   12.796772730  -22.092638421
    0.374935911   12.752255217   -3.960457429
    0.378451949   12.747455183   -1.727978721
    0.381967987   12.717972625  -19.898909190
    0.385484025   12.581363542  -59.261122692
    0.389000064   12.306751479  -95.576273605
    0.392516102   11.924987288 -116.383020316
    0.396032140   11.510179509 -115.660694478
    0.399548178   11.130038237 -100.262254395
    0.403064217   10.810830535  -82.746636643
    0.406580255   10.541868642  -72.465457098
    0.410096293   10.283177492  -76.566201799
    0.413612331    9.981094876  -97.008478340
    0.417128369    9.587227443 -128.316151273
    0.420644408    9.082502997 -157.159814488
    0.424160446    8.509838896 -165.058441624
    0.427676484    7.957466737 -144.555039946
    0.431192522    7.514932731 -106.104253495
    0.434708561    7.210031794  -69.491170783
    0.438224599    7.003378095  -53.768994071
    0.441740637    6.804652130  -62.249374157
    0.445256675    6.552217628  -81.657609005
    0.448772713    6.240768051  -93.298832809
    0.452288752    5.916780034  -90.302272520
    0.455804790    5.616086980  -78.290180436
    0.459320828    5.365583268  -65.743727848
    0.462836866    5.151030024  -55.889497837
    0.466352904    4.963640026  -50.273165334
    0.469868943    4.802545114  -42.510117970
    0.473384981    4.664482710  -36.559530187
    0.476901019    4.532008300  -39.500580581
    0.480417057    4.373723566  -47.441613703
    0.483933096    4.206426581  -44.268364081
    0.487449134    4.080700283  -24.707446813
    0.490965172    4.036960943    0.274818888
    0.494481210    4.068070606   12.923984427
    0.497997248    4.093173275   -1.532599865
    0.501513287    4.037836601  -31.327919217
    0.505029325    3.877359167  -56.945738925
    0.508545363    3.668891032  -56.258075197
    0.512061401    3.510517351  -31.584998863
    0.515577439    3.451589385   -4.151923653
    0.519093478    3.461233865    5.767379175
    0.522609516    3.466287015   -5.960608726
    0.526125554    3.404962259  -26.836674394
    0.529641592    3.292611373  -32.821553336
    0.533157631    3.196207113  -19.484824272
    0.536673669    3.163213301    0.201882982
    0.540189707    3.196269915   15.096121006
    0.543705745    3.270665420   25.764339484
    0.547221783    3.379164509   37.369631922
    0.550737822    3.536927403   53.297331803
    0.554253860    3.747035085   64.730000704
    0.557769898    3.973920448   61.629344023
    0.561285936    4.168876684   47.432858708
    0.564801975    4.308922366   32.592698631
    0.568318013    4.418750284   33.501212050
    0.571834051    4.559367159   47.038704107
    0.575350089    4.749962662   59.878377615
    0.578866127    4.965370803   60.561380564
    0.582382166    5.164182204   49.742848791
    0.585898204    5.308938935   32.760646003
    0.589414242    5.392043473   13.298803070
    0.592930280    5.400777517   -9.156277218
    0.596446318    5.333753932  -27.045749605
    0.599962357    5.234953060  -24.167015438
    0.603478395    5.198075509    7.094500321
    0.606994433    5.308624233   58.504133900
    0.610510471    5.603578595  105.776590735
    0.614026510    6.020511633  128.410231667
    0.617542548    6.474535651  129.496769995
    0.621058586    6.935693120  133.833118020
    0.624574624    7.445634317  159.553610748
    0.628090662    8.078836747  203.357227895
    0.631606701    8.875916774  249.186285993
    0.635122739    9.804925662  278.767307775
    0.638638777   10.838071089  308.975941513
    0.642154815   11.978743242  340.612481845
    0.645670854   13.244651289  379.435487465
    0.649186892   14.637742076  410.906757268
    0.652702930   16.112919269  422.797570720
    0.656218968   17.581086425  411.345081980
    0.659735006   19.001791017  399.858475352
    0.663251045   20.426854809  415.847678563
    0.666767083   21.971674645  467.438035118
    0.670283121   23.729877329  533.430444633
    0.673799159   25.709984228  588.192700902
    0.677315197   27.831878763  615.669115635
    0.680831236   30.027286312  632.373779115
    0.684347274   32.305010209  670.334488024
    0.687863312   34.781227713  744.417712404
    0.691379350   37.556641331  832.521668586
    0.694895389   40.593886082  884.554768173
    0.698411427   43.687412420  862.086442729
    0.701927465   46.570325677  768.276310777
    0.705443503   49.048847598  641.668836051
    0.708959541   51.105999860  534.146898850
    0.712475580   52.852172217  466.732565348
    0.715991618   54.427709141  431.795383147
    0.719507656   55.897569230  402.110326914
    0.723023694   57.229611756  351.383692348
    0.726539732   58.334460820  275.549578785
    0.730055771   59.158873454  193.833619880
    0.733571809   59.706671878  119.613682644
    0.737087847   60.024059840   64.262182027
    0.740603885   60.185069621   30.590185022
    0.744119924   60.257892041   12.895767403
    0.747635962   60.285145580    3.799857841
    0.751152000   60.292508442   -0.000000000
