#! FIELDS dist file.free der_dist
#! SET min_dist 0.199134
#! SET max_dist 0.751152
#! SET nbins_dist  158
#! SET periodic_dist false
    0.199134000   56.048704661   -0.417620903
    0.202650038   56.046036805   -1.225508894
    0.206166076   56.035177637   -5.923505003
    0.209682115   55.993060230  -20.673423490
    0.213198153   55.865983565  -55.967455721
    0.216714191   55.551079649 -131.132874105
    0.220230229   54.866586212 -271.944903156
    0.223746268   53.538896582 -499.283502581
    0.227262306   51.238983216 -825.196050313
    0.230778344   47.646174441 -1227.791513392
    0.234294382   42.591015775 -1642.430179324
    0.237810420   36.190360113 -1976.874335636
    0.241326459   28.903868519 -2131.459849615
    0.244842497   21.470802367 -2056.744879362
    0.248358535   14.696898434 -1765.518272561
    0.251874573    9.214171436 -1340.913385288
    0.255390611    5.288548415 -901.466462359
    0.258906650    2.787143509 -539.487856126
    0.262422688    1.354302155 -296.277203712
    0.265938726    0.579799245 -158.510682790
    0.269454764    0.170318371  -80.199301433
    0.272970803    0.000000000  -18.029576266
    0.276486841    0.042088746   41.755904760
    0.280002879    0.285078873   94.813570665
    0.283518917    0.698725720  138.730761844
    0.287034955    1.243624036  168.879568442
    0.290550994    1.879151149  192.951273016
    0.294067032    2.605421391  219.830586033
    0.297583070    3.419026854  241.981812422
    0.301099108    4.305421779  260.142720684
    0.304615146    5.229335932  263.075913874
    0.308131185    6.130541080  246.488084043
    0.311647223    6.951820871  221.626285402
    0.315163261    7.687563226  199.604647126
    0.318679299    8.377088491  196.453138452
    0.322195338    9.080397281  204.464146722
    0.325711376    9.806230311  206.209636988
    0.329227414   10.500456817  187.390163812
    0.332743452   11.098674418  148.983818459
    0.336259490   11.547458056  108.133294195
    0.339775529   11.887930190   90.353083818
    0.343291567   12.210166219   97.146846195
    0.346807605   12.577884008  111.669780338
    0.350323643   12.980555804  112.991092510
    0.353839682   13.342508012   87.958332289
    0.357355720   13.568501788   36.193969595
    0.360871758   13.590724128  -24.333830866
    0.364387796   13.412885476  -74.235320381
    0.367903834   13.104979498  -94.967902961
    0.371419873   12.782476460  -83.695143446
    0.374935911   12.538995875  -53.563370257
    0.378451949   12.392558219  -32.448436443
    0.381967987   12.286050607  -33.980021486
    0.385484025   12.119592593  -63.498116334
    0.389000064   11.837458645  -96.485827823
    0.392516102   11.454649195 -116.171742385
    0.396032140   11.044444503 -112.843348897
    0.399548178   10.682352345  -92.518095790
    0.403064217   10.398578103  -70.783585340
    0.406580255   10.173722332  -60.135033717
    0.410096293    9.951261971  -69.219418595
    0.413612331    9.659354410  -98.872136013
    0.417128369    9.242201423 -139.316650306
    0.420644408    8.688183861 -173.269139056
    0.424160446    8.058538917 -180.513351059
    0.427676484    7.458873162 -155.636432503
    0.431192522    6.985672011 -112.843232728
    0.434708561    6.659853648  -75.657919554
    0.438224599    6.424040051  -65.100060923
    0.441740637    6.169849182  -82.931423603
    0.445256675    5.827839616 -111.142775878
    0.448772713    5.406895838 -124.561425028
    0.452288752    4.985298287 -112.728102957
    0.455804790    4.636138528  -82.239493111
    0.459320828    4.410215608  -48.005351006
    0.462836866    4.289794092  -21.726458589
    0.466352904    4.234400233  -11.653731888
    0.469868943    4.196975559  -12.628484666
    0.473384981    4.136380611  -23.089597765
    0.476901019    4.021740154  -42.072185753
    0.480417057    3.835357101  -59.447024342
    0.483933096    3.622031404  -56.966860807
    0.487449134    3.460107628  -31.909438502
    0.490965172    3.404202194    0.300784994
    0.494481210    3.444651072   17.509062052
    0.497997248    3.487200725    3.073390295
    0.501513287    3.442351057  -30.369133476
    0.505029325    3.277756326  -60.129466192
    0.508545363    3.054242779  -61.046286555
    0.512061401    2.883891089  -32.799292287
    0.515577439    2.833761576    2.760094451
    0.519093478    2.885024601   22.288548032
    0.522609516    2.960680200   16.654957909
    0.526125554    2.979283404   -5.296908111
    0.529641592    2.929888866  -19.601452597
    0.533157631    2.859083913  -18.288947759
    0.536673669    2.810409492   -9.389678582
    0.540189707    2.796928288   -0.807199918
    0.543705745    2.813240485    9.498531760
    0.547221783    2.870847457   25.198160713
    0.550737822    2.996161195   47.074554466
    0.554253860    3.193981161   63.739223887
    0.557769898    3.422720785   63.165556421
    0.561285936    3.623387219   48.479171895
    0.564801975    3.762849488   30.892099549
    0.568318013    3.860573286   28.389483471
    0.571834051    3.979162921   39.912913055
    0.575350089    4.144421446   52.976282032
    0.578866127    4.338980581   55.919070574
    0.582382166    4.527895802   48.945125262
    0.585898204    4.677771187   36.779588480
    0.589414242    4.785116454   23.255813254
    0.592930280    4.840826152    7.685951013
    0.596446318    4.845036555   -3.469002927
    0.599962357    4.837661687    3.687405562
    0.603478395    4.900843610   35.300177213
    0.606994433    5.102421923   81.161358089
    0.610510471    5.459365997  117.707711498
    0.614026510    5.893855451  126.276062419
    0.617542548    6.314995753  113.064040550
    0.621058586    6.696672782  105.823911520
    0.624574624    7.095016099  124.817597551
    0.628090662    7.601135019  166.739287433
    0.631606701    8.273421236  215.450560442
    0.635122739    9.096690663  253.141799235
    0.638638777   10.060399552  295.779781541
    0.642154815   11.181673615  342.820993981
    0.645670854   12.482802992  397.000336737
    0.649186892   13.960815533  441.021327947
    0.652702930   15.557805481  461.180574027
    0.656218968   17.168481415  453.390557197
    0.659735006   18.740341288  443.233143894
    0.663251045   20.316172299  457.668140124
    0.666767083   22.000408300  504.684115768
    0.670283121   23.872164655  559.620285632
    0.673799159   25.913955509  595.729869513
    0.677315197   28.018649196  597.913731059
    0.680831236   30.104161301  588.684704258
    0.684347274   32.189111012  606.281163185
    0.687863312   34.426323490  675.586048624
    0.691379350   36.981248855  779.603436544
    0.694895389   39.887734076  865.297165370
    0.698411427   42.985291340  883.607361888
    0.701927465   46.003757661  820.548310346
    0.705443503   48.681783191  696.938623478
    0.708959541   50.881793098  553.521655593
    0.712475580   52.580539691  416.086749883
    0.715991618   53.833713915  299.660285797
    0.719507656   54.718827906  207.063724295
    0.723023694   55.311246799  133.287802047
    0.726539732   55.671607188   76.408931404
    0.730055771   55.873030706   41.249337015
    0.733571809   55.977412715   19.476641853
    0.737087847   56.023540112    8.313589832
    0.740603885   56.041752497    2.959489078
    0.744119924   56.048244771    1.027368817
    0.747635962   56.048704761   -0.000000000
    0.751152000   56.048704761   -0.000000000
