#! FIELDS dist file.free der_dist
#! SET min_dist 0.199134
#! SET max_dist 0.751152
#! SET nbins_dist  158
#! SET periodic_dist false
    0.199134000   54.825708306   -0.417620903
    0.202650038   54.823040450   -1.225508894
    0.206166076   54.812422410   -5.695149968
    0.209682115   54.772941180  -19.129845780
    0.213198153   54.655334982  -51.757597182
    0.216714191   54.364766237 -120.879967411
    0.220230229   53.733749259 -250.836991982
    0.223746268   52.508097634 -461.354321916
    0.227262306   50.378199515 -765.956768330
    0.230778344   47.031434022 -1147.767168722
    0.234294382   42.282604360 -1550.379340522
    0.237810420   36.203952596 -1888.925899110
    0.241326459   29.192167744 -2065.986389931
    0.244842497   21.929574962 -2026.508951239
    0.248358535   15.196533389 -1771.655714371
    0.251874573    9.642194540 -1373.010266428
    0.255390611    5.581677022 -943.254169423
    0.258906650    2.938830375 -576.136441965
    0.262422688    1.399577722 -319.412338438
    0.265938726    0.569999329 -167.053125676
    0.269454764    0.151068907  -77.925508833
    0.272970803    0.000000000  -10.222959400
    0.276486841    0.072789239   50.905599658
    0.280002879    0.347047399  103.419003456
    0.283518917    0.789034112  146.289113604
    0.287034955    1.359863396  176.101459115
    0.290550994    2.019452001  199.179835587
    0.294067032    2.763090007  223.033923409
    0.297583070    3.578141495  239.142455246
    0.301099108    4.441043957  249.570764810
    0.304615146    5.315881046  246.214147367
    0.308131185    6.153628306  228.195709388
    0.311647223    6.916418948  207.510410471
    0.315163261    7.615782857  193.404510926
    0.318679299    8.298139546  198.349849457
    0.322195338    9.018494560  211.500147833
    0.325711376    9.771363178  213.786692221
    0.329227414   10.487575709  191.857107166
    0.332743452   11.093202629  148.542594935
    0.336259490   11.532022663  103.166663110
    0.339775529   11.849661447   82.716707306
    0.343291567   12.145300677   90.129801694
    0.346807605   12.494929178  109.100365186
    0.350323643   12.901974818  118.620209879
    0.353839682   13.301944683  104.065519609
    0.357355720   13.602144224   61.900873199
    0.360871758   13.725379433    6.301470327
    0.364387796   13.653193632  -46.059689472
    0.367903834   13.429174550  -76.410386572
    0.371419873   13.149012926  -78.386575448
    0.374935911   12.902546507  -59.912651405
    0.378451949   12.720745211  -45.303160865
    0.381967987   12.565953878  -47.834593827
    0.385484025   12.354238022  -75.050036314
    0.389000064   12.036608496 -105.210171078
    0.392516102   11.626574029 -123.217556202
    0.396032140   11.192920296 -119.203575443
    0.399548178   10.809204366  -98.281482655
    0.403064217   10.507318212  -75.174841445
    0.406580255   10.271613761  -61.615282510
    0.410096293   10.051210655  -66.408879850
    0.413612331    9.778859324  -90.641769954
    0.417128369    9.399299426 -126.320119078
    0.420644408    8.896224392 -157.817307728
    0.424160446    8.320399500 -165.970354294
    0.427676484    7.765377977 -145.114276535
    0.431192522    7.318914096 -108.353666172
    0.434708561    6.997810585  -77.301001021
    0.438224599    6.746417790  -72.052330739
    0.441740637    6.460997352  -93.374046919
    0.445256675    6.079483020 -122.714857837
    0.448772713    5.619206639 -135.034615701
    0.452288752    5.165550854 -120.216157670
    0.455804790    4.796408650  -86.113448745
    0.459320828    4.562282411  -49.046477206
    0.462836866    4.440732078  -21.662473009
    0.466352904    4.384546920  -12.446805172
    0.469868943    4.340574527  -15.643876738
    0.473384981    4.264809938  -28.740883030
    0.476901019    4.126303566  -49.915254235
    0.480417057    3.909732507  -68.592936784
    0.483933096    3.664400967  -65.779430667
    0.487449134    3.474558677  -38.600432610
    0.490965172    3.402200602   -2.144241793
    0.494481210    3.443342790   20.382197372
    0.497997248    3.504726490   10.621808021
    0.501513287    3.491232506  -20.669502063
    0.505029325    3.359352917  -51.783583160
    0.508545363    3.157417599  -57.455437511
    0.512061401    2.989460347  -34.936299582
    0.515577439    2.923441790   -3.650616101
    0.519093478    2.949550171   15.081646890
    0.522609516    3.003853846   12.234052205
    0.526125554    3.015790677   -4.491548101
    0.529641592    2.978998597  -13.395332374
    0.533157631    2.937270286   -8.351458328
    0.536673669    2.926342530    1.796721968
    0.540189707    2.951335508    9.708541176
    0.543705745    3.002280465   18.646689303
    0.547221783    3.089613589   33.014277306
    0.550737822    3.240193106   53.513726791
    0.554253860    3.457207176   67.939078749
    0.557769898    3.694347687   63.508586163
    0.561285936    3.888107924   44.107085112
    0.564801975    4.004696824   22.546788860
    0.568318013    4.069535117   18.636381308
    0.571834051    4.156883293   32.494888986
    0.575350089    4.304274881   50.539893624
    0.578866127    4.499976635   58.818097377
    0.582382166    4.705562006   54.895986987
    0.585898204    4.875907418   41.794277404
    0.589414242    4.993270515   23.490872483
    0.592930280    5.038251237    1.256870642
    0.596446318    5.008503918  -16.085508236
    0.599962357    4.949775919  -12.389127766
    0.603478395    4.955653039   19.464814679
    0.606994433    5.107865470   69.529160026
    0.610510471    5.435909719  113.212399717
    0.614026510    5.869206711  129.992871959
    0.617542548    6.315472622  123.121521053
    0.621058586    6.737722980  117.943165128
    0.624574624    7.174849683  133.909351591
    0.628090662    7.701470195  168.879470246
    0.631606701    8.366665769  209.190601613
    0.635122739    9.154919070  239.695841598
    0.638638777   10.061363648  277.205800962
    0.642154815   11.111918461  321.575582405
    0.645670854   12.337626850  375.884053453
    0.649186892   13.746791911  423.587289550
    0.652702930   15.295048628  451.263077263
    0.656218968   16.886481829  452.292489159
    0.659735006   18.467678501  448.906373010
    0.663251045   20.067908319  464.958411310
    0.666767083   21.771669484  507.867381201
    0.670283121   23.646955414  558.631865837
    0.673799159   25.683821055  595.216599006
    0.677315197   27.800685555  606.886298581
    0.680831236   29.946493402  614.867295620
    0.684347274   32.157263386  651.100282562
    0.687863312   34.574483563  731.093332382
    0.691379350   37.321240145  830.168849382
    0.694895389   40.369739265  892.619570454
    0.698411427   43.501160703  874.028783935
    0.701927465   46.414436077  770.828732695
    0.705443503   48.859252476  616.365386775
    0.708959541   50.746611214  459.582783472
    0.712475580   52.119350495  327.283787280
    0.715991618   53.089253075  228.772088044
    0.719507656   53.764145180  158.419902512
    0.723023694   54.221862159  104.396317582
    0.726539732   54.506807609   61.381979173
    0.730055771   54.671655092   34.556158375
    0.733571809   54.760772232   17.035040338
    0.737087847   54.801473348    7.439126406
    0.740603885   54.818756142    2.959489078
    0.744119924   54.825248417    1.027368817
    0.747635962   54.825708407   -0.000000000
    0.751152000   54.825708407   -0.000000000
