#! FIELDS dist file.free der_dist
#! SET min_dist 0.199134
#! SET max_dist 0.751152
#! SET nbins_dist  158
#! SET periodic_dist false
    0.199134000   55.378982181   -0.417620903
    0.202650038   55.376314325   -1.225508894
    0.206166076   55.365696285   -5.695149968
    0.209682115   55.325875792  -19.492225777
    0.213198153   55.206014773  -52.774257994
    0.216714191   54.908626608 -123.916015939
    0.220230229   54.260940441 -257.655418330
    0.223746268   53.000703448 -474.707840346
    0.227262306   50.808122043 -788.681352023
    0.230778344   47.362412657 -1181.340479110
    0.234294382   42.478696684 -1592.847961397
    0.237810420   36.243540464 -1934.078226662
    0.241326459   29.081648433 -2104.593568030
    0.244842497   21.707841420 -2050.010791759
    0.248358535   14.925413041 -1776.130298801
    0.251874573    9.385774018 -1361.144899605
    0.255390611    5.385155893 -922.539885070
    0.258906650    2.818024568 -555.074004855
    0.262422688    1.344327879 -303.811303684
    0.265938726    0.556459530 -158.906175662
    0.269454764    0.154088356  -76.318466421
    0.272970803    0.000000000  -13.222043976
    0.276486841    0.056562094   44.882322741
    0.280002879    0.305339379   94.920839638
    0.283518917    0.713855201  135.848169852
    0.287034955    1.244839558  164.071134466
    0.290550994    1.861459086  187.088409677
    0.294067032    2.565492568  212.997052732
    0.297583070    3.352544151  233.591537319
    0.301099108    4.206318680  250.005336105
    0.304615146    5.092812288  252.128423866
    0.308131185    5.956902542  236.676185423
    0.311647223    6.748481614  214.778291705
    0.315163261    7.466687849  196.521817731
    0.318679299    8.151389666  196.623984626
    0.322195338    8.859214199  206.660596751
    0.325711376    9.594419489  209.173476861
    0.329227414   10.299187739  190.290668488
    0.332743452   10.906293425  150.939188291
    0.336259490   11.358428621  107.945929967
    0.339775529   11.693411084   87.333915244
    0.343291567   12.000650243   91.862729035
    0.346807605   12.349098904  106.563275368
    0.350323643   12.739349809  111.630273216
    0.353839682   13.107598216   93.136350487
    0.357355720   13.363585739   47.832891716
    0.360871758   13.433452332   -9.664602237
    0.364387796   13.305126197  -61.601633006
    0.367903834   13.031582296  -88.533003837
    0.371419873   12.718926521  -84.461996428
    0.374935911   12.462994743  -59.350934856
    0.378451949   12.292701538  -39.676866149
    0.381967987   12.162723047  -39.796436567
    0.385484025   11.980129028  -66.816579618
    0.389000064   11.690028378  -97.853446406
    0.392516102   11.304400190 -116.565884517
    0.396032140   10.893279185 -113.021402720
    0.399548178   10.530321272  -92.806354190
    0.403064217   10.245323551  -71.148257974
    0.406580255   10.019989958  -59.847216417
    0.410096293    9.801820300  -66.825874572
    0.413612331    9.524523926  -92.737873506
    0.417128369    9.136698167 -128.732962013
    0.420644408    8.626667134 -159.148314722
    0.424160446    8.049572658 -165.256422757
    0.427676484    7.501281158 -142.007819890
    0.431192522    7.069698843 -103.042333702
    0.434708561    6.770338146  -70.451703662
    0.438224599    6.544629330  -64.483204522
    0.441740637    6.285215753  -86.437803487
    0.445256675    5.924463794 -118.191197444
    0.448772713    5.473346225 -134.581396039
    0.452288752    5.012498973 -124.860441398
    0.455804790    4.618607595  -95.368898267
    0.459320828    4.346472274  -60.975686934
    0.462836866    4.182642709  -33.294233016
    0.466352904    4.090464031  -20.891310120
    0.469868943    4.025558977  -18.939594238
    0.473384981    3.948277487  -26.262994511
    0.476901019    3.827879735  -42.233676707
    0.480417057    3.646052229  -56.746867173
    0.483933096    3.447182580  -51.478746962
    0.487449134    3.309090845  -23.807834510
    0.490965172    3.286805431   11.301136071
    0.494481210    3.371389050   31.565885445
    0.497997248    3.468319762   19.804282766
    0.501513287    3.485151282  -12.352514085
    0.505029325    3.382618243  -43.315475625
    0.508545363    3.211349832  -48.609783717
    0.512061401    3.073459257  -27.002313126
    0.515577439    3.030848001    1.398217428
    0.519093478    3.067100492   15.553904460
    0.522609516    3.114131591    7.669523824
    0.526125554    3.102094805  -13.326240520
    0.529641592    3.029102329  -24.802974126
    0.533157631    2.945839766  -20.245122209
    0.536673669    2.894950049   -8.869069404
    0.540189707    2.886298989    1.318111068
    0.543705745    2.912137138   12.767314473
    0.547221783    2.982988084   29.483668107
    0.550737822    3.125121056   52.271661318
    0.554253860    3.342228491   69.350489143
    0.557769898    3.589732527   68.061612728
    0.561285936    3.805263443   51.944555005
    0.564801975    3.954165668   32.843791968
    0.568318013    4.056606314   29.272572504
    0.571834051    4.177409565   40.326260654
    0.575350089    4.343232818   52.830577666
    0.578866127    4.535258358   54.469934824
    0.582382166    4.715728590   45.404442191
    0.585898204    4.848434290   30.574116102
    0.589414242    4.929319239   14.523580587
    0.592930280    4.951059699   -2.663205312
    0.596446318    4.917655742  -14.293358166
    0.599962357    4.873881341   -5.968631182
    0.603478395    4.907924782   28.722307358
    0.606994433    5.095147491   79.865206132
    0.610510471    5.459113645  123.092424241
    0.614026510    5.924177295  138.011692957
    0.617542548    6.393897061  128.370031392
    0.621058586    6.829473572  120.372272339
    0.624574624    7.271266832  134.373636246
    0.628090662    7.797970238  168.683061548
    0.631606701    8.463349779  209.709760410
    0.635122739    9.255446607  241.448166109
    0.638638777   10.170835728  280.531647217
    0.642154815   11.235578766  326.238604260
    0.645670854   12.479302615  381.308320721
    0.649186892   13.907175550  428.580113738
    0.652702930   15.469229212  453.990606616
    0.656218968   17.064963238  452.016273998
    0.659735006   18.639865711  445.824641070
    0.663251045   20.226597844  460.637409766
    0.666767083   21.914453361  503.133388297
    0.670283121   23.768765906  551.119181988
    0.673799159   25.770092792  581.863071412
    0.677315197   27.824376673  584.200363169
    0.680831236   29.871850270  581.746561952
    0.684347274   31.950739318  609.939534775
    0.687863312   34.217075437  687.610656019
    0.691379350   36.818233823  792.281809921
    0.694895389   39.756509672  869.308381016
    0.698411427   42.843714409  873.267740382
    0.701927465   45.800769635  796.625911546
    0.705443503   48.379565717  665.687968530
    0.708959541   50.468472325  522.850875926
    0.712475580   52.069182699  391.555297282
    0.715991618   53.250186356  283.171767335
    0.719507656   54.090263444  197.608584451
    0.723023694   54.658534960  128.614171654
    0.726539732   55.007681982   74.404929124
    0.730055771   55.204572505   40.500788051
    0.733571809   55.307690234   19.476641853
    0.737087847   55.353817632    8.313589832
    0.740603885   55.372030017    2.959489078
    0.744119924   55.378522291    1.027368817
    0.747635962   55.378982281   -0.000000000
    0.751152000   55.378982281   -0.000000000
