#! FIELDS dist file.free der_dist
#! SET min_dist 0.199134
#! SET max_dist 0.751152
#! SET nbins_dist  158
#! SET periodic_dist false
    0.199134000   56.404573254   -0.417620903
    0.202650038   56.401905399   -1.225508894
    0.206166076   56.391037988   -6.042773819
    0.209682115   56.348159856  -21.022485729
    0.213198153   56.218959468  -56.924840550
    0.216714191   55.898296513 -133.576960475
    0.220230229   55.201008930 -277.016184022
    0.223746268   53.848713869 -508.464305181
    0.227262306   51.507187257 -839.831549713
    0.230778344   47.852710223 -1248.154313164
    0.234294382   42.717790290 -1667.034181965
    0.237810420   36.227917324 -2002.310018039
    0.241326459   28.857093149 -2153.245096694
    0.244842497   21.359994556 -2070.851372359
    0.248358535   14.553167101 -1770.057679720
    0.251874573    9.070410040 -1336.772550665
    0.255390611    5.170278586 -891.753923780
    0.258906650    2.706974114 -528.200586034
    0.262422688    1.311564791 -286.716213237
    0.265938726    0.564721906 -152.522644064
    0.269454764    0.169270598  -78.154700472
    0.272970803    0.000000000  -19.354648545
    0.276486841    0.033163184   38.179796085
    0.280002879    0.261255575   90.224421006
    0.283518917    0.658932059  134.411260352
    0.287034955    1.190322983  165.678720411
    0.290550994    1.817305741  191.278177478
    0.294067032    2.540062912  219.379597874
    0.297583070    3.352886805  241.863190135
    0.301099108    4.238010395  259.413909475
    0.304615146    5.157536448  261.242160891
    0.308131185    6.050449512  243.696603963
    0.311647223    6.861261966  218.632203872
    0.315163261    7.587807232  197.581917240
    0.318679299    8.273921468  196.754429908
    0.322195338    8.983940048  208.134730898
    0.325711376    9.729568868  213.793615063
    0.329227414   10.456396653  198.184510634
    0.332743452   11.096323728  161.586035413
    0.336259490   11.589362753  120.317685076
    0.339775529   11.968300930   99.726853448
    0.343291567   12.315628670  101.822756336
    0.346807605   12.690517353  111.074871410
    0.350323643   13.082792722  107.944203535
    0.353839682   13.421817846   80.385121359
    0.357355720   13.620435683   28.644801937
    0.360871758   13.619530380  -29.670892757
    0.364387796   13.428454679  -76.395520624
    0.367903834   13.118127723  -94.331489016
    0.371419873   12.800907608  -81.555561808
    0.374935911   12.565869674  -51.074977249
    0.378451949   12.428050464  -30.020274436
    0.381967987   12.330640672  -31.108121255
    0.385484025   12.176174408  -59.401419223
    0.389000064   11.911521469  -90.648962503
    0.392516102   11.551232812 -109.359197786
    0.396032140   11.164438793 -106.684203481
    0.399548178   10.819818615  -89.015762483
    0.403064217   10.541844189  -71.098897227
    0.406580255   10.309191967  -64.113117065
    0.410096293   10.068247368  -75.414858672
    0.413612331    9.753876382 -105.048030760
    0.417128369    9.318331611 -143.312126081
    0.420644408    8.756055344 -173.858201929
    0.424160446    8.130599172 -177.557927729
    0.427676484    7.546734267 -149.711088868
    0.431192522    7.098417066 -104.771018573
    0.434708561    6.803436590  -66.326837724
    0.438224599    6.601457674  -55.359285504
    0.441740637    6.380689583  -73.862166338
    0.445256675    6.067629344 -103.951935585
    0.448772713    5.666928849 -120.379082386
    0.452288752    5.253818659 -112.108952153
    0.455804790    4.900697532  -84.977698387
    0.459320828    4.660972482  -52.881014423
    0.462836866    4.521678345  -27.280389570
    0.466352904    4.447714511  -16.504800548
    0.469868943    4.395632771  -16.082838038
    0.473384981    4.325022747  -25.415687595
    0.476901019    4.203202559  -43.973434348
    0.480417057    4.009736127  -61.682279524
    0.483933096    3.787561387  -59.748347975
    0.487449134    3.615289297  -34.902725413
    0.490965172    3.549456412   -2.215014176
    0.494481210    3.582780396   16.014314463
    0.497997248    3.621995713    2.615822834
    0.501513287    3.576537717  -30.396840457
    0.505029325    3.411227167  -60.687764850
    0.508545363    3.183294559  -63.137530029
    0.512061401    3.002099525  -36.897423243
    0.515577439    2.934085628   -3.225826286
    0.519093478    2.962043762   15.198478199
    0.522609516    3.012596380    9.680165173
    0.526125554    3.008778296  -10.896139836
    0.529641592    2.943493392  -22.930893795
    0.533157631    2.865154797  -19.298876806
    0.536673669    2.816316750   -8.657290642
    0.540189707    2.806703398    0.381455692
    0.543705745    2.825690734    9.563339058
    0.547221783    2.879509383   22.829416888
    0.550737822    2.991365231   41.853012022
    0.554253860    3.166850112   56.474126858
    0.557769898    3.368844560   55.531008049
    0.561285936    3.544644543   42.202183353
    0.564801975    3.665437199   26.513404147
    0.568318013    3.750249429   25.217171773
    0.571834051    3.857716996   36.489740037
    0.575350089    4.008584474   48.127105825
    0.578866127    4.183643085   49.793911790
    0.582382166    4.350451133   42.717941402
    0.585898204    4.480043268   31.577083237
    0.589414242    4.571561000   19.386542571
    0.592930280    4.615142212    4.460761259
    0.596446318    4.607391329   -7.215363470
    0.599962357    4.584942181   -1.197662652
    0.603478395    4.628677302   29.175766986
    0.606994433    4.807249110   74.239573771
    0.610510471    5.138922811  110.242435758
    0.614026510    5.546712991  118.612236468
    0.617542548    5.941327272  105.817994492
    0.621058586    6.300317747  100.504637827
    0.624574624    6.686548044  123.639325469
    0.628090662    7.199166911  171.942752185
    0.631606701    7.903465397  228.569882254
    0.635122739    8.786551121  273.809618509
    0.638638777    9.833306353  321.830593399
    0.642154815   11.049648814  370.099102802
    0.645670854   12.441757283  420.679386143
    0.649186892   13.989656631  456.378417629
    0.652702930   15.620555798  464.751233772
    0.656218968   17.221417816  444.378966155
    0.659735006   18.742763556  424.278229813
    0.663251045   20.242719455  434.712550866
    0.666767083   21.850807618  485.717196873
    0.670283121   23.674307233  552.149732086
    0.673799159   25.716511585  603.690236817
    0.677315197   27.875243044  620.046364156
    0.680831236   30.055378222  619.185183293
    0.684347274   32.251512717  637.825466033
    0.687863312   34.592332792  702.234109082
    0.691379350   37.227867281  798.635105590
    0.694895389   40.187946766  876.978640305
    0.698411427   43.316258770  889.790879912
    0.701927465   46.350090192  823.424820269
    0.705443503   49.034798339  698.053814803
    0.708959541   51.237176288  553.874392377
    0.712475580   52.936408284  416.086749883
    0.715991618   54.189582509  299.660285797
    0.719507656   55.074696499  207.063724295
    0.723023694   55.667115393  133.287802047
    0.726539732   56.027475782   76.408931404
    0.730055771   56.228899299   41.249337015
    0.733571809   56.333281308   19.476641853
    0.737087847   56.379408706    8.313589832
    0.740603885   56.397621090    2.959489078
    0.744119924   56.404113365    1.027368817
    0.747635962   56.404573355   -0.000000000
    0.751152000   56.404573355   -0.000000000
