#! FIELDS dist file.free der_dist
#! SET min_dist 0.199134
#! SET max_dist 0.751152
#! SET nbins_dist  158
#! SET periodic_dist false
    0.199134000   50.161543454   -0.000000000
    0.202650038   50.161543454   -0.000000000
    0.206166076   50.158221091   -2.372341635
    0.209682115   50.138878041  -10.513629359
    0.213198153   50.067662404  -32.907151463
    0.216714191   49.871778259  -84.615746128
    0.220230229   49.411894688 -188.502200227
    0.223746268   48.462513817 -365.513159642
    0.227262306   46.735238775 -632.569355128
    0.230778344   43.920934240 -979.398536782
    0.234294382   39.810082914 -1358.513404888
    0.237810420   34.419038915 -1693.644097642
    0.241326459   28.063521833 -1892.332677944
    0.244842497   21.338742828 -1897.414842798
    0.248358535   14.961028801 -1699.248749774
    0.251874573    9.565916985 -1352.575356186
    0.255390611    5.513072577 -955.177391791
    0.258906650    2.808931926 -595.023744499
    0.262422688    1.221578949 -325.666574496
    0.265938726    0.404773910 -153.812868538
    0.269454764    0.057856229  -52.182359235
    0.272970803    0.000000000   14.392981110
    0.276486841    0.137802943   61.730771525
    0.280002879    0.417876321   95.363331175
    0.283518917    0.800216437  121.438070143
    0.287034955    1.262465377  140.354119277
    0.290550994    1.787951289  159.626162748
    0.294067032    2.394673943  185.725702940
    0.297583070    3.091697546  210.298121049
    0.301099108    3.876898524  235.390970209
    0.304615146    4.734640298  251.072335251
    0.308131185    5.623152253  251.372800287
    0.311647223    6.488910655  240.970789651
    0.315163261    7.306523397  225.012496881
    0.318679299    8.080084527  217.093219765
    0.322195338    8.835737576  212.670758109
    0.325711376    9.563694534  199.345617871
    0.329227414   10.211680243  168.743101070
    0.332743452   10.732174102  124.492273522
    0.336259490   11.095752856   85.183710785
    0.339775529   11.367077043   74.865659708
    0.343291567   11.654487318   93.153237961
    0.346807605   12.027078630  117.867916880
    0.350323643   12.461319571  123.407355064
    0.353839682   12.855342903   94.556612746
    0.357355720   13.088209083   33.050679463
    0.360871758   13.082325441  -36.722951340
    0.364387796   12.852778686  -89.871976651
    0.367903834   12.495998872 -105.846200525
    0.371419873   12.151820154  -84.540602067
    0.374935911   11.924243139  -44.201994593
    0.378451949   11.822825077  -17.524803626
    0.381967987   11.768970963  -19.824007286
    0.385484025   11.644901170  -53.926058721
    0.389000064   11.387203368  -91.982827257
    0.392516102   11.013535177 -115.178987634
    0.396032140   10.602833369 -114.007870160
    0.399548178   10.231732951  -96.753824370
    0.403064217    9.924645188  -80.264660898
    0.406580255    9.655435989  -75.536390886
    0.410096293    9.374038663  -86.310197649
    0.413612331    9.032290279 -108.815476686
    0.417128369    8.604591500 -134.151613442
    0.420644408    8.101136058 -149.871958132
    0.424160446    7.579793440 -143.930310338
    0.427676484    7.115084482 -117.490955943
    0.431192522    6.759921491  -85.644483962
    0.434708561    6.499242923  -66.108679756
    0.438224599    6.267310721  -71.516087273
    0.441740637    5.972621904  -97.841629185
    0.445256675    5.576448307 -125.782214181
    0.448772713    5.111996692 -134.365140922
    0.452288752    4.665326631 -117.320062689
    0.455804790    4.306040261  -83.833081062
    0.459320828    4.077276781  -48.276774949
    0.462836866    3.957011456  -21.365936253
    0.466352904    3.903509323  -10.980795222
    0.469868943    3.867335532  -12.960415626
    0.473384981    3.800013262  -27.205239243
    0.476901019    3.659426302  -53.075760735
    0.480417057    3.420594780  -78.186805120
    0.483933096    3.131710590  -80.455415736
    0.487449134    2.887026394  -54.128836480
    0.490965172    2.765186462  -14.223515532
    0.494481210    2.773268388   13.597544998
    0.497997248    2.818190663    7.606509078
    0.501513287    2.795763010  -23.099835437
    0.505029325    2.654345052  -54.683190225
    0.508545363    2.444678552  -58.339635515
    0.512061401    2.283431565  -29.601168389
    0.515577439    2.250445681    9.667094270
    0.519093478    2.333582359   33.295647525
    0.522609516    2.451318918   28.984905080
    0.526125554    2.509942225    4.673146896
    0.529641592    2.488819925  -13.499707624
    0.533157631    2.434471199  -14.656550754
    0.536673669    2.398608904   -5.233180826
    0.540189707    2.405012140    6.607746990
    0.543705745    2.453305263   20.062746371
    0.547221783    2.549169819   35.678701890
    0.550737822    2.704388031   52.685129669
    0.554253860    2.906899015   60.206855456
    0.557769898    3.104718854   49.407628001
    0.561285936    3.243914965   28.131822373
    0.564801975    3.309983715   10.714025667
    0.568318013    3.345947198   14.385857803
    0.571834051    3.431962843   35.564484781
    0.575350089    3.596581957   56.147354304
    0.578866127    3.806484310   59.961386813
    0.582382166    3.997599281   44.441864967
    0.585898204    4.104601276   15.738908192
    0.589414242    4.103787637  -16.914440136
    0.592930280    3.991868513  -45.827890084
    0.596446318    3.801520874  -58.239939381
    0.599962357    3.619579089  -38.782685470
    0.603478395    3.569463183   14.308462147
    0.606994433    3.739082723   83.565138894
    0.610510471    4.138811747  138.390890175
    0.614026510    4.663633343  155.268809554
    0.617542548    5.184667516  139.150108321
    0.621058586    5.640082194  120.499588194
    0.624574624    6.064348842  124.705905598
    0.628090662    6.547632359  154.920996851
    0.631606701    7.169092367  199.666708293
    0.635122739    7.943581730  242.122881793
    0.638638777    8.883656759  293.755592156
    0.642154815   10.012373488  348.339662274
    0.645670854   11.338490720  405.082205121
    0.649186892   12.842172048  446.974496139
    0.652702930   14.456002996  464.751853580
    0.656218968   16.079390715  457.835366426
    0.659735006   17.675904828  453.277455939
    0.663251045   19.301989342  476.843092205
    0.666767083   21.070637156  533.519862521
    0.670283121   23.059832055  596.898070250
    0.673799159   25.239261244  635.559903568
    0.677315197   27.480328348  633.025529759
    0.680831236   29.662623419  606.527395990
    0.684347274   31.761941572  594.850687459
    0.687863312   33.895108420  627.136925553
    0.691379350   36.214742715  695.041966733
    0.694895389   38.771527215  752.618758251
    0.698411427   41.438028125  752.568057463
    0.701927465   43.972477164  676.621087282
    0.705443503   46.123885132  541.035671433
    0.708959541   47.755179050  386.543638012
    0.712475580   48.856945275  245.233159200
    0.715991618   49.522573835  139.354986277
    0.719507656   49.883863966   71.665977063
    0.723023694   50.060154004   32.606824171
    0.726539732   50.129194862   11.059555486
    0.730055771   50.152813235    3.800423457
    0.733571809   50.160974557    0.773776116
    0.737087847   50.161543454   -0.000000000
    0.740603885   50.161543454   -0.000000000
    0.744119924   50.161543454   -0.000000000
    0.747635962   50.161543454   -0.000000000
    0.751152000   50.161543454   -0.000000000
