#! FIELDS dist file.free der_dist
#! SET min_dist 0.199134
#! SET max_dist 0.751152
#! SET nbins_dist  158
#! SET periodic_dist false
    0.199134000   55.090410523   -0.417620903
    0.202650038   55.087742668   -1.225508894
    0.206166076   55.077124628   -5.695149968
    0.209682115   55.037322236  -19.413316643
    0.213198153   54.917962619  -52.544801476
    0.216714191   54.622403181 -123.049579098
    0.220230229   53.979589420 -255.614448596
    0.223746268   52.730100551 -470.449894178
    0.227262306   50.558174795 -780.987147821
    0.230778344   47.147088570 -1169.251130819
    0.234294382   42.313609308 -1576.515098873
    0.237810420   36.140807071 -1915.429445605
    0.241326459   29.043390696 -2087.246497377
    0.244842497   21.722319468 -2037.962942767
    0.248358535   14.968803672 -1771.945382764
    0.251874573    9.430114984 -1364.455809618
    0.255390611    5.408913799 -930.252752540
    0.258906650    2.813374690 -562.785543827
    0.262422688    1.317993364 -308.021264002
    0.265938726    0.523942873 -158.216657626
    0.269454764    0.132002979  -71.369721612
    0.272970803    0.000000000   -5.955094349
    0.276486841    0.083438999   52.637113554
    0.280002879    0.358777416  102.238933707
    0.283518917    0.792309673  142.752247175
    0.287034955    1.347506722  171.004934525
    0.290550994    1.988601444  194.005974469
    0.294067032    2.716153912  219.280899974
    0.297583070    3.522377005  238.011886390
    0.301099108    4.386884771  251.594992760
    0.304615146    5.273786455  250.881011347
    0.308131185    6.130020924  233.719840579
    0.311647223    6.910597838  211.750386786
    0.315163261    7.619783765  194.531803732
    0.318679299    8.299354912  195.604402269
    0.322195338    9.004035333  205.574770672
    0.325711376    9.732839648  206.376540020
    0.329227414   10.423365668  184.984186671
    0.332743452   11.008034291  143.660995246
    0.336259490   11.433913774  100.670177106
    0.339775529   11.746743011   82.334605529
    0.343291567   12.043325033   90.994479558
    0.346807605   12.397228831  110.601534293
    0.350323643   12.810048689  120.322871879
    0.353839682   13.215640486  105.423791801
    0.357355720   13.518530768   61.883362782
    0.360871758   13.637340014    3.612246222
    0.364387796   13.549903060  -52.122869973
    0.367903834   13.298886426  -85.520460352
    0.371419873   12.983563729  -89.022700924
    0.374935911   12.699325170  -70.505956793
    0.378451949   12.481881276  -54.833436943
    0.381967987   12.296200040  -55.789966482
    0.385484025   12.060233533  -80.769834514
    0.389000064   11.727990064 -107.576965370
    0.392516102   11.317708760 -120.800703722
    0.396032140   10.901904789 -111.503388431
    0.399548178   10.553258176  -86.404252452
    0.403064217   10.296619230  -61.886699547
    0.406580255   10.105109798  -50.283649265
    0.410096293    9.917249958  -59.434296227
    0.413612331    9.660664347  -88.452303881
    0.417128369    9.282595236 -127.281495395
    0.420644408    8.774017385 -159.566015761
    0.424160446    8.193849552 -166.463552906
    0.427676484    7.640657115 -143.537143147
    0.431192522    7.203013391 -105.027002627
    0.434708561    6.895266860  -73.263125357
    0.438224599    6.658062943  -68.145584476
    0.441740637    6.385498917  -90.045166601
    0.445256675    6.014540781 -120.059683177
    0.448772713    5.562287285 -133.174796545
    0.452288752    5.113182446 -119.589886787
    0.455804790    4.743266906  -87.286849239
    0.459320828    4.501693813  -52.033049456
    0.462836866    4.367665200  -25.515024047
    0.466352904    4.299418582  -15.083307963
    0.469868943    4.251788519  -14.788403528
    0.473384981    4.187399475  -23.044867353
    0.476901019    4.077083554  -39.773466190
    0.480417057    3.901577933  -55.735453106
    0.483933096    3.702835340  -52.492097563
    0.487449134    3.557620873  -26.714893831
    0.490965172    3.523133355    7.487227100
    0.494481210    3.594316956   27.907539522
    0.497997248    3.679208908   16.583162770
    0.501513287    3.684699279  -15.779667801
    0.505029325    3.568365028  -47.851408198
    0.508545363    3.378473080  -54.599403139
    0.512061401    3.218413882  -33.318009755
    0.515577439    3.155948743   -3.241863649
    0.519093478    3.181740771   14.521919463
    0.522609516    3.232681559   10.892135081
    0.526125554    3.238463273   -6.662629130
    0.529641592    3.192391359  -16.516607419
    0.533157631    3.138103243  -12.323556236
    0.536673669    3.112680191   -2.329272599
    0.540189707    3.124621982    6.617701885
    0.543705745    3.168180324   17.673839606
    0.547221783    3.256509243   34.534370835
    0.550737822    3.416082819   56.942738343
    0.554253860    3.646787404   72.083281784
    0.557769898    3.897895502   67.164017328
    0.561285936    4.102600323   46.645780758
    0.564801975    4.226054090   23.916749235
    0.568318013    4.293835591   18.949991920
    0.571834051    4.380352874   31.672144841
    0.575350089    4.522395250   48.264701325
    0.578866127    4.707136183   54.855866256
    0.582382166    4.896264076   49.627981659
    0.585898204    5.047133746   36.172043676
    0.589414242    5.145858463   18.689009431
    0.592930280    5.176655577   -1.929811580
    0.596446318    5.138793122  -17.558063701
    0.599962357    5.077357069  -12.568490727
    0.603478395    5.084240810   20.140480164
    0.606994433    5.240014666   70.850575165
    0.610510471    5.573557457  114.968230186
    0.614026510    6.013136331  131.699136108
    0.617542548    6.464222737  124.032091831
    0.621058586    6.887435335  117.551364165
    0.624574624    7.321226063  132.544607613
    0.628090662    7.843021519  167.776032512
    0.631606701    8.507129813  209.913633312
    0.635122739    9.302604326  243.117856817
    0.638638777   10.225589567  283.038775081
    0.642154815   11.299074182  328.526368887
    0.645670854   12.548908727  382.429798630
    0.649186892   13.978758837  428.710564288
    0.652702930   15.541963905  454.665487663
    0.656218968   17.142678569  454.239905218
    0.659735006   18.728853204  449.871714050
    0.663251045   20.331405278  465.375183917
    0.666767083   22.036092804  508.006158503
    0.670283121   23.911649850  558.661854538
    0.673799159   25.948523273  595.216599006
    0.677315197   28.065387773  606.886298581
    0.680831236   30.211195619  614.867295620
    0.684347274   32.421965604  651.100282562
    0.687863312   34.839185781  731.093332382
    0.691379350   37.585942363  830.168849382
    0.694895389   40.634441483  892.619570454
    0.698411427   43.765862921  874.028783935
    0.701927465   46.679138294  770.828732695
    0.705443503   49.123954693  616.365386775
    0.708959541   51.011313431  459.582783472
    0.712475580   52.384052713  327.283787280
    0.715991618   53.353955293  228.772088044
    0.719507656   54.028847398  158.419902512
    0.723023694   54.486564377  104.396317582
    0.726539732   54.771509827   61.381979173
    0.730055771   54.936357310   34.556158375
    0.733571809   55.025474449   17.035040338
    0.737087847   55.066175566    7.439126406
    0.740603885   55.083458360    2.959489078
    0.744119924   55.089950634    1.027368817
    0.747635962   55.090410624   -0.000000000
    0.751152000   55.090410624   -0.000000000
