#! FIELDS dist file.free der_dist
#! SET min_dist 0.199134
#! SET max_dist 0.751152
#! SET nbins_dist  158
#! SET periodic_dist false
    0.199134000   58.058328235   -0.417620903
    0.202650038   58.055660380   -1.225508894
    0.206166076   58.044361206   -6.440437493
    0.209682115   57.998245049  -22.623676474
    0.213198153   57.858332362  -61.843902640
    0.216714191   57.509749709 -145.258308507
    0.220230229   56.751810825 -300.885870653
    0.223746268   55.284344239 -551.202689560
    0.227262306   52.751282547 -906.631495177
    0.230778344   48.818696667 -1338.823503751
    0.234294382   43.334634812 -1772.671459161
    0.237810420   36.471605428 -2105.563915506
    0.241326459   28.772162762 -2233.701462988
    0.244842497   21.055798423 -2113.483034046
    0.248358535   14.172275735 -1771.713273672
    0.251874573    8.742833957 -1307.302653176
    0.255390611    4.975326021 -848.987736494
    0.258906650    2.659032049 -489.921910089
    0.262422688    1.372129286 -264.518319321
    0.265938726    0.669547619 -149.326910133
    0.269454764    0.257470435  -89.691099337
    0.272970803    0.032801466  -37.858120794
    0.276486841    0.000000000   20.115833445
    0.280002879    0.172298891   76.864521884
    0.283518917    0.531161627  125.432497035
    0.287034955    1.035159711  158.514084010
    0.290550994    1.634882932  182.312255208
    0.294067032    2.318527218  205.801325498
    0.297583070    3.073841019  222.725453782
    0.301099108    3.882964244  235.693610492
    0.304615146    4.715705835  236.342710435
    0.308131185    5.526541526  222.880962431
    0.311647223    6.279416288  207.352398565
    0.315163261    6.988015776  198.875437649
    0.318679299    7.700001105  209.469739134
    0.322195338    8.467945860  227.253786735
    0.325711376    9.281750678  232.402825462
    0.329227414   10.065288304  211.207189272
    0.332743452   10.737584262  166.906534047
    0.336259490   11.236344878  118.347787082
    0.339775529   11.596268900   90.927618697
    0.343291567   11.900477268   86.188920123
    0.346807605   12.208730403   89.053372518
    0.350323643   12.516674103   82.760621668
    0.353839682   12.770712022   58.645103281
    0.357355720   12.911945349   19.065908818
    0.360871758   12.908360269  -21.051676994
    0.364387796   12.780665522  -49.517787046
    0.367903834   12.587273775  -56.465911656
    0.371419873   12.405673911  -44.255543833
    0.374935911   12.284934217  -24.775621888
    0.378451949   12.211560823  -20.001745931
    0.381967987   12.121632680  -36.161323859
    0.385484025   11.931156881  -73.558694223
    0.389000064   11.611738405 -106.441392940
    0.392516102   11.202129454 -120.792633372
    0.396032140   10.787504902 -110.751406064
    0.399548178   10.442737780  -85.086542605
    0.403064217   10.192091432  -59.575962997
    0.406580255   10.012123345  -45.940437268
    0.410096293    9.844612512  -52.048115015
    0.413612331    9.618580362  -78.724071060
    0.417128369    9.275022528 -118.090046261
    0.420644408    8.791700544 -155.075862505
    0.424160446    8.213449658 -170.126692456
    0.427676484    7.632868246 -155.144047694
    0.431192522    7.146652167 -119.908647014
    0.434708561    6.790948724  -84.314713660
    0.438224599    6.532322590  -68.384420654
    0.441740637    6.282495063  -76.905706502
    0.445256675    5.976563362  -97.499680781
    0.448772713    5.607298737 -110.305079622
    0.452288752    5.223678417 -106.814910940
    0.455804790    4.870325218  -91.154932207
    0.459320828    4.585341699  -72.177925791
    0.462836866    4.361103288  -55.055432548
    0.466352904    4.186875520  -44.178740707
    0.469868943    4.050756055  -35.073743463
    0.473384981    3.935491329  -31.490052652
    0.476901019    3.813986168  -38.308796231
    0.480417057    3.654405594  -49.007707107
    0.483933096    3.481111309  -45.494108109
    0.487449134    3.355829141  -22.907207115
    0.490965172    3.325145481    5.715768222
    0.494481210    3.378814373   19.685586364
    0.497997248    3.424183722    2.540545157
    0.501513287    3.372660117  -33.688655003
    0.505029325    3.190318044  -66.940347428
    0.508545363    2.936365451  -71.492906761
    0.512061401    2.722940712  -46.621229022
    0.515577439    2.620803764  -12.651273228
    0.519093478    2.619015173    8.149811105
    0.522609516    2.652576877    7.380597164
    0.526125554    2.650789371   -7.429107272
    0.529641592    2.606227075  -15.041168199
    0.533157631    2.558331875  -10.646614112
    0.536673669    2.534321228   -3.785006323
    0.540189707    2.531545446   -0.747571806
    0.543705745    2.536482759    3.212954424
    0.547221783    2.563534058   14.688843573
    0.550737822    2.649344833   35.648374040
    0.554253860    2.809946925   54.317557457
    0.557769898    3.011902763   57.518726827
    0.561285936    3.200452015   47.332633851
    0.564801975    3.343186598   33.812788026
    0.568318013    3.456906895   34.291831935
    0.571834051    3.598967550   47.089629923
    0.575350089    3.788933002   59.658266564
    0.578866127    4.004514895   61.003614708
    0.582382166    4.207469657   51.721315484
    0.585898204    4.362088476   36.406859789
    0.589414242    4.459938234   17.885155558
    0.592930280    4.484624957   -4.967990234
    0.596446318    4.428997259  -24.940837556
    0.599962357    4.332083709  -25.348595000
    0.603478395    4.284938218    2.495461145
    0.606994433    4.374523988   51.453568150
    0.610510471    4.642947441   98.031725550
    0.614026510    5.033808559  121.614804436
    0.617542548    5.466603563  124.212139219
    0.621058586    5.910474699  129.067270252
    0.624574624    6.402172536  153.523363249
    0.628090662    7.008813905  194.079304920
    0.631606701    7.767003359  236.368724554
    0.635122739    8.647255615  264.394225321
    0.638638777    9.632519687  296.861914106
    0.642154815   10.740704481  334.752320177
    0.645670854   11.999864549  381.659098709
    0.649186892   13.413951589  419.996301641
    0.652702930   14.927561949  434.933768304
    0.656218968   16.437801266  422.650689601
    0.659735006   17.894435492  409.022594692
    0.663251045   19.349464202  424.109707653
    0.666767083   20.925416436  477.314666519
    0.670283121   22.722846567  545.703720734
    0.673799159   24.746669002  599.964013507
    0.677315197   26.900605715  621.490369394
    0.680831236   29.098859221  628.394065194
    0.684347274   31.343612636  656.325087664
    0.687863312   33.765164394  729.626756254
    0.691379350   36.511989492  834.596696090
    0.694895389   39.617593885  924.607568854
    0.698411427   42.941617019  954.323232749
    0.701927465   46.237167275  907.795715156
    0.705443503   49.247958641  797.726870288
    0.708959541   51.810565070  656.696246076
    0.712475580   53.855631131  507.777784236
    0.715991618   55.395327476  369.943290430
    0.719507656   56.485416481  253.349419613
    0.723023694   57.203833157  159.739331980
    0.726539732   57.632195299   89.686294959
    0.730055771   57.865336132   46.965242916
    0.733571809   57.982771684   21.660691667
    0.737087847   58.033163687    8.313589832
    0.740603885   58.051376072    2.959489078
    0.744119924   58.057868346    1.027368817
    0.747635962   58.058328336   -0.000000000
    0.751152000   58.058328336   -0.000000000
