#! FIELDS dist file.free der_dist
#! SET min_dist 0.199134
#! SET max_dist 0.751152
#! SET nbins_dist  158
#! SET periodic_dist false
    0.199134000   43.920290761   -0.000000000
    0.202650038   43.920290761   -0.000000000
    0.206166076   43.918312264   -1.406322976
    0.209682115   43.906226589   -6.885203232
    0.213198153   43.860169720  -21.385310653
    0.216714191   43.730387359  -56.604128424
    0.220230229   43.416618400 -130.745109227
    0.223746268   42.747833535 -260.559153581
    0.227262306   41.496790465 -464.649062573
    0.230778344   39.392475642 -744.173602232
    0.234294382   36.205952330 -1072.744063473
    0.237810420   31.853823463 -1396.543299692
    0.241326459   26.488028805 -1634.824665866
    0.244842497   20.535093158 -1720.798691719
    0.248358535   14.612322779 -1616.317156595
    0.251874573    9.370201539 -1342.542207802
    0.255390611    5.283584318 -977.031432822
    0.258906650    2.505787966 -609.726240767
    0.262422688    0.912510962 -312.903349312
    0.265938726    0.189013216 -115.269881289
    0.269454764    0.000000000   -4.214220387
    0.272970803    0.098063089   52.107846287
    0.276486841    0.329349555   75.582333665
    0.280002879    0.609954642   82.019381031
    0.283518917    0.907575061   88.498176716
    0.287034955    1.240396765  102.464088881
    0.290550994    1.648825646  133.299340088
    0.294067032    2.200414381  181.976265927
    0.297583070    2.928724130  231.044500903
    0.301099108    3.819994949  272.947240183
    0.304615146    4.821211329  292.866043797
    0.308131185    5.845957740  285.430094949
    0.311647223    6.806777154  260.158809032
    0.315163261    7.661144800  226.919944518
    0.318679299    8.412030916  202.573976613
    0.322195338    9.092176535  184.502073069
    0.325711376    9.700609031  159.821195164
    0.329227414   10.195575147  121.874421389
    0.332743452   10.548041317   77.342697984
    0.336259490   10.762557866   49.448068694
    0.339775529   10.943502920   60.344815970
    0.343291567   11.222277234  102.160572089
    0.346807605   11.658228241  142.831430344
    0.350323643   12.186511672  149.399911212
    0.353839682   12.654554986  109.376804356
    0.357355720   12.913041811   32.903241005
    0.360871758   12.886421341  -47.016933008
    0.364387796   12.614065747 -102.596297823
    0.367903834   12.218001419 -114.820677852
    0.371419873   11.853703753  -86.730770037
    0.374935911   11.631462178  -38.950804326
    0.378451949   11.559513450   -6.147291513
    0.381967987   11.552119088   -5.579846905
    0.385484025   11.477267530  -40.544550894
    0.389000064   11.259122624  -82.999061038
    0.392516102   10.908846130 -111.010774884
    0.396032140   10.504398756 -114.392768341
    0.399548178   10.124860690 -101.219197388
    0.403064217    9.793877293  -89.534469113
    0.406580255    9.483191233  -89.951758178
    0.410096293    9.141245443 -106.049252471
    0.413612331    8.723200728 -132.041228013
    0.417128369    8.212666267 -157.472747549
    0.420644408    7.631620847 -169.930336854
    0.424160446    7.052803460 -155.731878007
    0.427676484    6.567624734 -116.884817325
    0.431192522    6.238386728  -71.517416472
    0.434708561    6.047452732  -41.475020749
    0.438224599    5.910563470  -43.254522870
    0.441740637    5.711445430  -72.508892871
    0.445256675    5.393484860 -106.812829737
    0.448772713    4.984424616 -121.371551797
    0.452288752    4.575928021 -108.021891650
    0.455804790    4.247148173  -75.116706165
    0.459320828    4.052028723  -37.308090473
    0.462836866    3.978554391   -5.792845868
    0.466352904    3.987422747    8.715203205
    0.469868943    4.023273718    7.330048348
    0.473384981    4.020060068  -12.139579671
    0.476901019    3.917055864  -46.934207900
    0.480417057    3.685019669  -79.771169542
    0.483933096    3.385982087  -83.589565726
    0.487449134    3.137534712  -52.271853972
    0.490965172    3.034739805   -5.392332580
    0.494481210    3.080314979   24.852858532
    0.497997248    3.157409767   13.442618063
    0.501513287    3.137060126  -28.068344682
    0.505029325    2.959551927  -69.457319787
    0.508545363    2.689532731  -76.673113332
    0.512061401    2.469464769  -43.453733579
    0.515577439    2.403498367    5.333976541
    0.519093478    2.488263029   38.163113891
    0.522609516    2.634511669   39.680824679
    0.526125554    2.735415676   17.483676523
    0.529641592    2.757671880   -2.058718217
    0.533157631    2.737249402   -7.165529186
    0.536673669    2.719383335   -2.278735148
    0.540189707    2.728671337    5.713014965
    0.543705745    2.773515318   19.934928222
    0.547221783    2.880702428   43.215804284
    0.550737822    3.084078048   73.069042412
    0.554253860    3.381576300   93.118145725
    0.557769898    3.707570408   87.680709857
    0.561285936    3.974321268   60.504381848
    0.564801975    4.129597031   27.897374791
    0.568318013    4.194875613   14.327521837
    0.571834051    4.255915317   22.418265747
    0.575350089    4.359587777   35.485507788
    0.578866127    4.486804708   33.459053546
    0.582382166    4.572257815   10.567333249
    0.585898204    4.544645077  -26.663251010
    0.589414242    4.384559776  -64.141363885
    0.592930280    4.110753014  -88.700339166
    0.596446318    3.793890776  -85.875281906
    0.599962357    3.550875969  -45.088651951
    0.603478395    3.517395978   29.536889492
    0.606994433    3.772105437  115.331166977
    0.610510471    4.300857711  178.514309210
    0.614026510    4.968791511  195.357172512
    0.617542548    5.620198917  172.213053031
    0.621058586    6.171313560  141.478171291
    0.624574624    6.644196728  131.357593435
    0.628090662    7.128738612  149.439324467
    0.631606701    7.719048130  188.378779207
    0.635122739    8.454134992  231.233141616
    0.638638777    9.362139148  286.534317702
    0.642154815   10.471356920  344.993654287
    0.645670854   11.788271925  403.116413410
    0.649186892   13.283201888  443.609898797
    0.652702930   14.881673599  459.663349036
    0.656218968   16.493721281  456.714338922
    0.659735006   18.096809341  458.746936185
    0.663251045   19.758782705  492.612006243
    0.666767083   21.604483628  560.855641445
    0.670283121   23.705301614  632.346290651
    0.673799159   26.015276313  672.819708437
    0.677315197   28.374566878  660.491693493
    0.680831236   30.611149232  606.314642475
    0.684347274   32.627105616  544.038467695
    0.687863312   34.462050019  505.977063212
    0.691379350   36.217728907  495.923900515
    0.694895389   37.950872404  486.944329745
    0.698411427   39.607624135  449.782650659
    0.701927465   41.068629087  375.176111996
    0.705443503   42.214420430  275.054860637
    0.708959541   43.006863348  177.617412653
    0.712475580   43.484836804   99.442864035
    0.715991618   43.738601201   48.929026813
    0.719507656   43.856895389   21.373775331
    0.723023694   43.905695935    8.169946715
    0.726539732   43.918926775    1.460374057
    0.730055771   43.920290761   -0.000000000
    0.733571809   43.920290761   -0.000000000
    0.737087847   43.920290761   -0.000000000
    0.740603885   43.920290761   -0.000000000
    0.744119924   43.920290761   -0.000000000
    0.747635962   43.920290761   -0.000000000
    0.751152000   43.920290761   -0.000000000
