#! FIELDS dist file.free der_dist
#! SET min_dist 0.199134
#! SET max_dist 0.751152
#! SET nbins_dist  158
#! SET periodic_dist false
    0.199134000   42.982283170   -0.000000000
    0.202650038   42.982283170   -0.000000000
    0.206166076   42.980304672   -1.406322976
    0.209682115   42.968439824   -6.626159495
    0.213198153   42.924001278  -20.653602612
    0.216714191   42.798717688  -54.627974188
    0.220230229   42.495753699 -126.318115217
    0.223746268   41.849357290 -251.949440910
    0.227262306   40.638849025 -449.945362708
    0.230778344   38.598439133 -722.501301805
    0.234294382   35.499274259 -1045.093109776
    0.237810420   31.250611316 -1366.072625529
    0.241326459   25.989877614 -1606.326604017
    0.244842497   20.126924390 -1698.706562743
    0.248358535   14.267281948 -1602.469734745
    0.251874573    9.060912231 -1335.530599549
    0.255390611    4.993463297 -972.148480037
    0.258906650    2.238003632 -600.770271586
    0.262422688    0.691935707 -294.225600349
    0.265938726    0.056490484  -83.742310873
    0.269454764    0.000000000   39.043043512
    0.272970803    0.263456909  101.790846476
    0.276486841    0.669984325  124.376166814
    0.280002879    1.110233768  123.214059992
    0.283518917    1.531271703  117.034024193
    0.287034955    1.940670229  117.508783185
    0.290550994    2.380983015  136.891318048
    0.294067032    2.930804079  178.220740070
    0.297583070    3.640013995  224.670571938
    0.301099108    4.510092923  267.698879671
    0.304615146    5.497082092  289.958595884
    0.308131185    6.513004994  282.649831843
    0.311647223    7.458213920  253.470569881
    0.315163261    8.279431420  214.767306154
    0.318679299    8.982533017  188.604314564
    0.322195338    9.622065772  177.034658469
    0.325711376   10.230077488  168.526797102
    0.329227414   10.793661141  152.639128837
    0.332743452   11.290962768  127.927733490
    0.336259490   11.706359252  110.902181961
    0.339775529   12.103485192  119.814577167
    0.343291567   12.571383502  148.968649104
    0.346807605   13.142252403  172.604074154
    0.350323643   13.747988249  164.350841898
    0.353839682   14.248699427  113.587906798
    0.357355720   14.509267337   30.195140464
    0.360871758   14.461972314  -56.211387707
    0.364387796   14.145464078 -118.464117636
    0.367903834   13.685274961 -134.543630890
    0.371419873   13.255466569 -102.780640281
    0.374935911   12.995872359  -42.879620493
    0.378451949   12.937789343    5.370481223
    0.381967987   12.991210595   15.874736210
    0.385484025   12.992096741  -21.246816406
    0.389000064   12.819911096  -77.721131064
    0.392516102   12.454733504 -124.988319106
    0.396032140   11.971934191 -143.836103081
    0.399548178   11.475272298 -136.564679999
    0.403064217   11.024163758 -120.845085981
    0.406580255   10.622486961 -109.648802409
    0.410096293   10.236798935 -110.982868498
    0.413612331    9.825367356 -123.947009185
    0.417128369    9.359277124 -141.420077631
    0.420644408    8.839064286 -152.632481229
    0.424160446    8.313199300 -143.748555611
    0.427676484    7.857673436 -111.748791662
    0.431192522    7.536331862  -71.644316198
    0.434708561    7.343162454  -41.966092656
    0.438224599    7.210436936  -39.622500261
    0.441740637    7.035998151  -61.718075477
    0.445256675    6.771038239  -87.236704306
    0.448772713    6.445971497  -93.559589881
    0.452288752    6.144708738  -75.798938071
    0.455804790    5.926361345  -46.045499493
    0.459320828    5.814590427  -20.414912713
    0.462836866    5.767419395   -8.636127603
    0.466352904    5.727492327  -15.996609654
    0.469868943    5.644339744  -34.436536596
    0.473384981    5.478399263  -60.882701483
    0.476901019    5.211181842  -89.217334482
    0.480417057    4.861475551 -102.563013023
    0.483933096    4.529834959  -78.698713763
    0.487449134    4.348373181  -19.948643922
    0.490965172    4.393796789   44.207733533
    0.494481210    4.620344530   75.389131494
    0.497997248    4.853852205   49.871492563
    0.501513287    4.922168302  -14.665447687
    0.505029325    4.752042526  -77.802353507
    0.508545363    4.425253123  -99.030066402
    0.512061401    4.115599194  -70.542380640
    0.515577439    3.957474762  -19.033122878
    0.519093478    3.967563321   20.493421301
    0.522609516    4.066233659   30.475728128
    0.526125554    4.150697817   17.335941814
    0.529641592    4.188054298    6.616922649
    0.533157631    4.211245610    8.569287284
    0.536673669    4.257413444   17.707776971
    0.540189707    4.337637635   24.982598484
    0.543705745    4.440413130   32.533819473
    0.547221783    4.571878153   43.703783900
    0.550737822    4.751381508   58.796643011
    0.554253860    4.975889532   66.629410961
    0.557769898    5.196970596   56.050752294
    0.561285936    5.355964330   32.233031011
    0.564801975    5.427788674    9.418230716
    0.568318013    5.447069832    6.287146415
    0.571834051    5.492915936   21.096503845
    0.575350089    5.596363520   36.028168258
    0.578866127    5.725436191   33.785097356
    0.582382166    5.812780143   12.033578003
    0.585898204    5.799227258  -19.195609647
    0.589414242    5.682852737  -46.051439553
    0.592930280    5.495217670  -57.784263937
    0.596446318    5.306392498  -45.044502784
    0.599962357    5.213836721   -1.822402165
    0.603478395    5.322861050   65.878731286
    0.606994433    5.683360957  138.463759688
    0.610510471    6.267226226  187.221314751
    0.614026510    6.948607872  195.473549178
    0.617542548    7.596340190  171.293992389
    0.621058586    8.153508882  146.491978387
    0.624574624    8.656900884  143.613013127
    0.628090662    9.193975447  166.215897208
    0.631606701    9.844243441  204.897902396
    0.635122739   10.630866422  243.798146070
    0.638638777   11.572235492  292.707889961
    0.642154815   12.691118309  344.375710743
    0.645670854   13.991804286  394.141010827
    0.649186892   15.437860831  424.315146896
    0.652702930   16.947402429  428.880474151
    0.656218968   18.432112104  415.529186737
    0.659735006   19.877973802  411.504389922
    0.663251045   21.373121926  446.006880307
    0.666767083   23.063485307  519.510079545
    0.670283121   25.029372955  596.500750976
    0.673799159   27.216647801  637.815971457
    0.677315197   29.444310735  619.509214315
    0.680831236   31.517278677  553.569022333
    0.684347274   33.323370361  477.358710055
    0.687863312   34.901316820  427.273506921
    0.691379350   36.369163624  412.208318224
    0.694895389   37.811132198  406.776105023
    0.698411427   39.205358159  381.691455769
    0.701927465   40.456257959  324.148694482
    0.705443503   41.453686100  241.410221269
    0.708959541   42.154594104  158.265351025
    0.712475580   42.583013164   89.815616643
    0.715991618   42.813979583   44.738255459
    0.719507656   42.922586203   19.726017022
    0.723023694   42.967789228    7.604473427
    0.726539732   42.980919183    1.460374057
    0.730055771   42.982283170   -0.000000000
    0.733571809   42.982283170   -0.000000000
    0.737087847   42.982283170   -0.000000000
    0.740603885   42.982283170   -0.000000000
    0.744119924   42.982283170   -0.000000000
    0.747635962   42.982283170   -0.000000000
    0.751152000   42.982283170   -0.000000000
