#! FIELDS dist file.free der_dist
#! SET min_dist 0.199134
#! SET max_dist 0.751152
#! SET nbins_dist  158
#! SET periodic_dist false
    0.199134000   56.747059579   -0.417620903
    0.202650038   56.744391723   -1.225508894
    0.206166076   56.733524313   -6.042773819
    0.209682115   56.690646181  -21.022485729
    0.213198153   56.561435561  -56.965540307
    0.216714191   56.240364253 -133.774280361
    0.220230229   55.541770319 -277.607050765
    0.223746268   54.186134551 -509.872941192
    0.227262306   51.837269173 -842.747061691
    0.230778344   48.168559298 -1253.458358502
    0.234294382   43.009713209 -1675.419580681
    0.237810420   36.484642374 -2013.903262501
    0.241326459   29.068425687 -2167.256877952
    0.244842497   21.520292987 -2085.549907539
    0.248358535   14.663766102 -1783.282890263
    0.251874573    9.139729168 -1346.811025776
    0.255390611    5.211150367 -897.928378619
    0.258906650    2.732288251 -531.053041594
    0.262422688    1.330619025 -287.732608658
    0.265938726    0.580822718 -153.474823612
    0.269454764    0.180081573  -80.360809809
    0.272970803    0.000000000  -23.289694607
    0.276486841    0.017193343   33.225979096
    0.280002879    0.227990468   85.618985945
    0.283518917    0.612124762  131.465058264
    0.287034955    1.137112047  165.006859732
    0.290550994    1.764835350  192.072557924
    0.294067032    2.490213989  219.674338352
    0.297583070    3.299593248  239.209055850
    0.301099108    4.167350892  251.995914589
    0.304615146    5.051922600  248.886231317
    0.308131185    5.894830530  227.974492585
    0.311647223    6.648448826  202.356630327
    0.315163261    7.321428605  183.900838569
    0.318679299    7.968012558  188.271487163
    0.322195338    8.659534566  206.210705786
    0.325711376    9.410085423  218.371158028
    0.329227414   10.163220045  208.302561783
    0.332743452   10.845807911  175.440025764
    0.336259490   11.391245849  135.816912769
    0.339775529   11.823466066  114.008765116
    0.343291567   12.213787906  111.439324151
    0.346807605   12.609749872  113.057227790
    0.350323643   12.993486700  101.145077619
    0.353839682   13.294971336   66.337361190
    0.357355720   13.437793770   11.831226376
    0.360871758   13.380792007  -43.937959091
    0.364387796   13.150295762  -84.146405110
    0.367903834   12.825558205  -95.007298882
    0.371419873   12.514873774  -77.747142795
    0.374935911   12.295681682  -46.488043515
    0.378451949   12.171191250  -27.369690021
    0.381967987   12.078205394  -31.231758703
    0.385484025   11.919084533  -61.696520943
    0.389000064   11.644449169  -93.858708243
    0.392516102   11.272734881 -112.499422961
    0.396032140   10.876066259 -109.037408700
    0.399548178   10.526195643  -89.539743959
    0.403064217   10.251276235  -68.604258990
    0.406580255   10.034044428  -57.825106401
    0.410096293    9.821138423  -65.884781838
    0.413612331    9.543861098  -93.808618126
    0.417128369    9.147579450 -132.568511370
    0.420644408    8.619542918 -165.387796938
    0.424160446    8.018285762 -172.312695701
    0.427676484    7.448009646 -147.013928842
    0.431192522    7.007045066 -102.915112603
    0.434708561    6.719948436  -63.426115124
    0.438224599    6.531684394  -50.380555809
    0.441740637    6.331485607  -67.349481783
    0.445256675    6.041019247  -98.085346862
    0.448772713    5.655794491 -117.876774120
    0.452288752    5.242476607 -114.903268077
    0.455804790    4.870138624  -92.873938465
    0.459320828    4.597191316  -63.307884430
    0.462836866    4.422338519  -36.401372266
    0.466352904    4.323829935  -20.896139127
    0.469868943    4.267225723  -14.297338544
    0.473384981    4.212496219  -18.523635074
    0.476901019    4.119768527  -34.820204023
    0.480417057    3.958287907  -53.016283501
    0.483933096    3.763144638  -53.226680926
    0.487449134    3.609577662  -30.742286195
    0.490965172    3.554932868    0.115936483
    0.494481210    3.594082104   17.074275797
    0.497997248    3.635354640    2.701728907
    0.501513287    3.587816008  -31.752275664
    0.505029325    3.413840284  -64.425865110
    0.508545363    3.167344380  -70.042727748
    0.512061401    2.955774205  -47.185540369
    0.515577439    2.847293888  -15.643543143
    0.519093478    2.831449066    3.253798960
    0.522609516    2.845741844    1.475754349
    0.526125554    2.822884135  -13.356571059
    0.529641592    2.759262331  -19.761791725
    0.533157631    2.698610769  -12.929699701
    0.536673669    2.672574618   -2.525326125
    0.540189707    2.680339691    3.876011661
    0.543705745    2.706016993   10.008008650
    0.547221783    2.758025664   21.744518237
    0.550737822    2.866696408   41.455987938
    0.554253860    3.044450248   58.321460277
    0.557769898    3.257520590   59.922619416
    0.561285936    3.452065421   48.252025974
    0.564801975    3.595111288   32.902774816
    0.568318013    3.701619383   31.005878531
    0.571834051    3.827561652   41.202404047
    0.575350089    3.993166067   51.812503144
    0.578866127    4.179661278   52.613110044
    0.582382166    4.354808590   44.649056861
    0.585898204    4.489179535   32.257195856
    0.589414242    4.579508768   17.884636588
    0.592930280    4.612306695   -0.377459415
    0.596446318    4.580127854  -16.334691314
    0.599962357    4.518377892  -14.302318826
    0.603478395    4.511148475   13.707875518
    0.606994433    4.635561261   59.525885757
    0.610510471    4.922148054   99.854332705
    0.614026510    5.305059094  115.132297877
    0.617542548    5.700685794  109.750844709
    0.621058586    6.083858678  109.891413894
    0.624574624    6.508185046  135.449441309
    0.628090662    7.062207444  183.297637625
    0.631606701    7.802351613  237.377514163
    0.635122739    8.709576391  278.530658624
    0.638638777    9.764276078  321.426728659
    0.642154815   10.968738353  363.668604944
    0.645670854   12.327024770  408.038115426
    0.649186892   13.822199453  439.498009187
    0.652702930   15.390855557  446.903560760
    0.656218968   16.932729387  429.196870933
    0.659735006   18.408449375  413.641078467
    0.663251045   19.878807171  428.295343785
    0.666767083   21.468806590  481.342287588
    0.670283121   23.278561232  548.539695258
    0.673799159   25.309043917  600.713689845
    0.677315197   27.459557595  618.433644747
    0.680831236   29.636510755  618.821792368
    0.684347274   31.831354189  637.082929098
    0.687863312   34.165929214  699.240116418
    0.691379350   36.787211728  793.977014374
    0.694895389   39.734441690  875.429851273
    0.698411427   42.872871573  898.212213852
    0.701927465   45.961212593  846.380007625
    0.705443503   48.751247930  734.308828163
    0.708959541   51.094944834  596.627576630
    0.712475580   52.943120272  456.696415780
    0.715991618   54.325076382  331.661419381
    0.719507656   55.304301673  228.579546945
    0.723023694   55.955372660  145.596160836
    0.726539732   56.347306915   82.553673674
    0.730055771   56.563534810   43.909520090
    0.733571809   56.673957845   20.479624885
    0.737087847   56.721895031    8.313589832
    0.740603885   56.740107415    2.959489078
    0.744119924   56.746599690    1.027368817
    0.747635962   56.747059679   -0.000000000
    0.751152000   56.747059679   -0.000000000
