#! FIELDS dist file.free der_dist
#! SET min_dist 0.199134
#! SET max_dist 0.751152
#! SET nbins_dist  158
#! SET periodic_dist false
    0.199134000   58.860182133   -0.417620903
    0.202650038   58.857514277   -1.225508894
    0.206166076   58.846215103   -6.440437493
    0.209682115   58.799452844  -23.032759366
    0.213198153   58.656966165  -63.069201773
    0.216714191   58.300925988 -148.475653745
    0.220230229   57.525615005 -307.928110193
    0.223746268   56.022919906 -564.641962484
    0.227262306   53.427518124 -929.042645880
    0.230778344   49.398208506 -1371.433339239
    0.234294382   43.783378035 -1813.872869715
    0.237810420   36.767598670 -2150.097342758
    0.241326459   28.916783923 -2273.968543079
    0.244842497   21.077064330 -2142.442410152
    0.248358535   14.117305852 -1785.974572677
    0.251874573    8.661815381 -1308.526700849
    0.255390611    4.905139716 -842.604927559
    0.258906650    2.615870345 -481.831547338
    0.262422688    1.354377674 -258.540764931
    0.265938726    0.667249019 -146.466845753
    0.269454764    0.260928519  -89.115569112
    0.272970803    0.035962957  -38.462259694
    0.276486841    0.000000000   19.012192049
    0.280002879    0.168198358   75.744329304
    0.283518917    0.524819807  125.456515570
    0.287034955    1.032575249  160.863498493
    0.290550994    1.646014689  187.819521335
    0.294067032    2.354443019  214.256951810
    0.297583070    3.142824404  232.785924005
    0.301099108    3.987756443  245.700697432
    0.304615146    4.853254726  244.686982404
    0.308131185    5.688693488  228.323358219
    0.311647223    6.453846808  208.735705288
    0.315163261    7.159311321  195.718047703
    0.318679299    7.853047458  202.528378983
    0.322195338    8.593022096  218.744568716
    0.325711376    9.378811400  225.495832463
    0.329227414   10.145025796  208.509536323
    0.332743452   10.816334256  168.883563021
    0.336259490   11.327059820  122.662882304
    0.339775529   11.701206357   94.104610930
    0.343291567   12.010075755   85.400925479
    0.346807605   12.308326390   84.367363265
    0.350323643   12.596906759   77.054982181
    0.353839682   12.834851824   55.865693142
    0.357355720   12.975784589   21.865715424
    0.360871758   12.991965098  -12.917184914
    0.364387796   12.897942869  -39.108459885
    0.367903834   12.739414406  -47.664391686
    0.371419873   12.581631555  -39.779326795
    0.374935911   12.468411674  -24.860304780
    0.378451949   12.388935572  -22.982721806
    0.381967987   12.286717181  -39.781650352
    0.385484025   12.084852818  -76.212003093
    0.389000064   11.758548139 -107.673065981
    0.392516102   11.346482817 -121.060279113
    0.396032140   10.931566877 -110.801131718
    0.399548178   10.585726571  -85.777656017
    0.403064217   10.330427517  -61.644534951
    0.406580255   10.139587183  -50.132226078
    0.410096293    9.953015816  -58.707037044
    0.413612331    9.699594948  -87.499906915
    0.417128369    9.322967856 -127.840082876
    0.420644408    8.806519787 -163.909152049
    0.424160446    8.201146313 -176.517450034
    0.427676484    7.603380879 -158.531297226
    0.431192522    7.110254329 -120.531018373
    0.434708561    6.756818012  -82.400318480
    0.438224599    6.509641853  -63.734664300
    0.441740637    6.281841490  -68.920785640
    0.445256675    6.010361487  -86.046662086
    0.448772713    5.685800748  -96.664495588
    0.452288752    5.350214978  -93.606411724
    0.455804790    5.038170992  -81.264953739
    0.459320828    4.779247832  -67.377955683
    0.462836866    4.562659189  -55.357688960
    0.466352904    4.380518120  -48.007191687
    0.469868943    4.228496957  -39.831882329
    0.473384981    4.098539397  -34.796923829
    0.476901019    3.969996118  -38.979671835
    0.480417057    3.812126662  -47.621271728
    0.483933096    3.644406352  -44.169971592
    0.487449134    3.519901278  -24.134114814
    0.490965172    3.478436801    0.775101426
    0.494481210    3.509137862   11.927788334
    0.497997248    3.526075656   -5.345604341
    0.501513287    3.451103549  -38.739585471
    0.505029325    3.258269298  -67.824558087
    0.508545363    3.007161831  -69.374042063
    0.512061401    2.801839258  -44.711647871
    0.515577439    2.700781562  -14.502485958
    0.519093478    2.682659398    0.641490047
    0.522609516    2.680937134   -4.737061833
    0.526125554    2.633819933  -20.295360776
    0.529641592    2.549825039  -23.819674495
    0.533157631    2.483779765  -11.804911969
    0.536673669    2.470482279    3.350914492
    0.540189707    2.504575214   12.546912753
    0.543705745    2.561357299   18.646611416
    0.547221783    2.640434841   28.250401453
    0.550737822    2.766363782   44.572517840
    0.554253860    2.948310918   57.510163194
    0.557769898    3.152258694   55.682769362
    0.561285936    3.327965941   42.318103446
    0.564801975    3.451222708   28.215426101
    0.568318013    3.547779288   30.439292322
    0.571834051    3.680777499   45.785887112
    0.575350089    3.869591367   59.991749136
    0.578866127    4.086012357   60.738352432
    0.582382166    4.283384529   48.548584441
    0.585898204    4.420318714   29.493094873
    0.589414242    4.488362340    8.111155930
    0.592930280    4.476485229  -15.609000219
    0.596446318    4.385323235  -34.229334476
    0.599962357    4.260289295  -31.885231791
    0.603478395    4.195815849   -0.807260457
    0.606994433    4.279386481   51.270772519
    0.610510471    4.551826680  100.397162840
    0.614026510    4.954379808  125.685964599
    0.617542548    5.403318686  129.174016839
    0.621058586    5.865399276  134.335312266
    0.624574624    6.375623100  158.923236626
    0.628090662    7.002388311  200.215086396
    0.631606701    7.784133894  243.682351300
    0.635122739    8.691377194  272.201300742
    0.638638777    9.702548225  303.432956101
    0.642154815   10.828373640  337.951272006
    0.645670854   12.091594350  380.747722832
    0.649186892   13.496561808  416.304826944
    0.652702930   14.997114419  431.759610459
    0.656218968   16.501114111  422.482681037
    0.659735006   17.962156638  411.295492671
    0.663251045   19.424957719  425.583209551
    0.666767083   20.998945856  474.192863727
    0.670283121   22.774830586  536.726555585
    0.673799159   24.760609680  588.139204274
    0.677315197   26.876186882  612.034593886
    0.680831236   29.051643623  625.109208540
    0.684347274   31.296872896  659.265883349
    0.687863312   33.730524326  731.896390237
    0.691379350   36.466816739  823.969194304
    0.694895389   39.492344790  887.800686013
    0.698411427   42.628754693  884.100824937
    0.701927465   45.625539018  810.577084720
    0.705443503   48.279019801  696.856055893
    0.708959541   50.530494635  586.426233897
    0.712475580   52.427684094  497.514854412
    0.715991618   54.053855812  428.761233232
    0.719507656   55.451302765  365.093828572
    0.723023694   56.609841238  292.511008364
    0.726539732   57.494027858  211.741650484
    0.730055771   58.107193638  139.265002752
    0.733571809   58.490205955   80.880867880
    0.737087847   58.699336594   40.917305523
    0.740603885   58.799457210   18.495175134
    0.744119924   58.842682945    7.469289660
    0.747635962   58.857430701    1.681519699
    0.751152000   58.860182233   -0.000000000
