#! FIELDS dist file.free der_dist
#! SET min_dist 0.199134
#! SET max_dist 0.751152
#! SET nbins_dist  158
#! SET periodic_dist false
    0.199134000   37.840404935   -0.000000000
    0.202650038   37.840404935   -0.000000000
    0.206166076   37.840404935   -0.000000000
    0.209682115   37.838572754   -1.434490901
    0.213198153   37.828213936   -5.109565597
    0.216714191   37.791192524  -17.763660342
    0.220230229   37.680762634  -50.028726782
    0.223746268   37.404189833 -113.968980433
    0.227262306   36.818449675 -230.063219689
    0.230778344   35.706910982 -415.003052209
    0.234294382   33.817582609 -670.226899465
    0.237810420   30.937084533 -972.922859080
    0.241326459   26.992464804 -1262.301804791
    0.244842497   22.158457119 -1466.017488117
    0.248358535   16.865316651 -1515.381947836
    0.251874573   11.711010649 -1388.698771229
    0.255390611    7.266440193 -1124.811126341
    0.258906650    3.881457308 -796.442835555
    0.262422688    1.651313841 -479.877751623
    0.265938726    0.437259373 -222.849421296
    0.269454764    0.000000000  -37.488375873
    0.272970803    0.102861917   85.502582679
    0.276486841    0.538206214  153.957529688
    0.280002879    1.131784346  177.518865762
    0.283518917    1.753574313  173.480463641
    0.287034955    2.342047708  160.962807613
    0.290550994    2.901980289  161.728992515
    0.294067032    3.511061916  188.399824734
    0.297583070    4.243165795  228.798305421
    0.301099108    5.124412732  270.172402509
    0.304615146    6.119641466  291.967697540
    0.308131185    7.141724575  284.193755223
    0.311647223    8.094897460  257.436948808
    0.315163261    8.944086309  227.774179076
    0.318679299    9.714648034  213.992487788
    0.322195338   10.460543723  210.999510704
    0.325711376   11.188144126  199.741486227
    0.329227414   11.835939536  167.205804329
    0.332743452   12.344979512  120.040666270
    0.336259490   12.702701998   88.337789795
    0.339775529   13.020301568  100.726168941
    0.343291567   13.457066840  153.024898327
    0.346807605   14.098050189  208.706002346
    0.350323643   14.879298072  225.539187647
    0.353839682   15.609725229  178.848607008
    0.357355720   16.074365148   77.643722913
    0.360871758   16.143334189  -38.541425870
    0.364387796   15.839976545 -126.849789915
    0.367903834   15.325531712 -154.027983289
    0.371419873   14.830697538 -118.066637298
    0.374935911   14.539720944  -44.943247226
    0.378451949   14.498688237   15.912994035
    0.381967987   14.599559699   31.257705630
    0.385484025   14.652919504   -7.526969606
    0.389000064   14.522397441  -67.282007647
    0.392516102   14.195199658 -112.651083577
    0.396032140   13.768350583 -124.031002605
    0.399548178   13.356017404 -108.851632329
    0.403064217   13.009689400  -90.737803552
    0.406580255   12.701217099  -88.446326243
    0.410096293   12.361708562 -106.464986215
    0.413612331   11.934542685 -136.566644798
    0.417128369   11.403938053 -163.615052273
    0.420644408   10.805833462 -173.058700312
    0.424160446   10.219675858 -157.341809691
    0.427676484    9.725941264 -121.181206431
    0.431192522    9.365101212  -86.629736242
    0.434708561    9.095554337  -71.432978085
    0.438224599    8.829923271  -84.797933917
    0.441740637    8.478683067 -114.922038522
    0.445256675    8.030481744 -136.076970687
    0.448772713    7.556002019 -128.595086490
    0.452288752    7.161456627  -93.316317067
    0.455804790    6.910499787  -47.431452589
    0.459320828    6.816799872   -9.372937454
    0.462836866    6.825989081   11.581677432
    0.466352904    6.867164261    9.126541594
    0.469868943    6.874927534   -8.317250056
    0.473384981    6.799132276  -36.334835387
    0.476901019    6.611287799  -69.196621128
    0.480417057    6.316758777  -92.319145147
    0.483933096    5.993649193  -85.625778800
    0.487449134    5.744957535  -51.960489272
    0.490965172    5.631221729  -13.953805416
    0.494481210    5.616843621   -1.319980073
    0.497997248    5.571466967  -29.372903154
    0.501513287    5.381927426  -79.203936505
    0.505029325    5.029628865 -115.711483305
    0.508545363    4.621534871 -107.719423205
    0.512061401    4.323619408  -56.792123039
    0.515577439    4.235688780    5.059365650
    0.519093478    4.330272111   42.715577472
    0.522609516    4.491063475   43.104228474
    0.526125554    4.602121980   20.550687164
    0.529641592    4.643654780    7.060829732
    0.533157631    4.676643559   14.585033631
    0.536673669    4.761070590   33.325253520
    0.540189707    4.909123798   46.657980871
    0.543705745    5.084378529   50.335539899
    0.547221783    5.256269171   47.393385069
    0.550737822    5.413420701   42.383584925
    0.554253860    5.546608356   32.193428482
    0.557769898    5.626664739   12.238670161
    0.561285936    5.632710437   -8.697206919
    0.564801975    5.584225417  -16.184953118
    0.568318013    5.554704853    5.215886867
    0.571834051    5.647573945   48.929664017
    0.575350089    5.894975376   88.895625380
    0.578866127    6.238602824  100.884823790
    0.582382166    6.565063512   78.495142421
    0.585898204    6.763971747   33.333343935
    0.589414242    6.795845883  -14.671705934
    0.592930280    6.682760883  -45.785903842
    0.596446318    6.510989868  -46.181003837
    0.599962357    6.399241158  -11.419609138
    0.603478395    6.459219573   46.978109703
    0.606994433    6.732590398  106.775859306
    0.610510471    7.178138251  140.225897761
    0.614026510    7.672590702  137.509289797
    0.617542548    8.113819423  113.943756114
    0.621058586    8.487163237  100.925274482
    0.624574624    8.860669684  115.220514849
    0.628090662    9.320300125  148.941355152
    0.631606701    9.912666482  187.062813158
    0.635122739   10.619587881  215.167960366
    0.638638777   11.437907995  252.513346565
    0.642154815   12.415627195  305.677773231
    0.645670854   13.605448711  373.103685630
    0.649186892   15.030129929  435.091484519
    0.652702930   16.644297032  478.234021967
    0.656218968   18.369620357  501.345908970
    0.659735006   20.163140875  520.937459458
    0.663251045   22.059159950  561.416566059
    0.666767083   24.133736510  619.152190896
    0.670283121   26.392308805  660.431455670
    0.673799159   28.720538814  652.543625093
    0.677315197   30.903559111  578.603528094
    0.680831236   32.730693213  454.333246635
    0.684347274   34.081411154  317.275199010
    0.687863312   34.989614089  207.373987388
    0.691379350   35.594616335  144.800198545
    0.694895389   36.053950880  120.955628077
    0.698411427   36.464663059  114.391122561
    0.701927465   36.856290703  106.690078167
    0.705443503   37.199738734   87.654897054
    0.708959541   37.467018894   63.752885878
    0.712475580   37.647349090   39.550872467
    0.715991618   37.752708529   21.471011200
    0.719507656   37.806290321   10.073802977
    0.723023694   37.829940721    4.107096031
    0.726539732   37.839040949    1.460374057
    0.730055771   37.840404935   -0.000000000
    0.733571809   37.840404935   -0.000000000
    0.737087847   37.840404935   -0.000000000
    0.740603885   37.840404935   -0.000000000
    0.744119924   37.840404935   -0.000000000
    0.747635962   37.840404935   -0.000000000
    0.751152000   37.840404935   -0.000000000
