#! FIELDS dist file.free der_dist
#! SET min_dist 0.199134
#! SET max_dist 0.751152
#! SET nbins_dist  158
#! SET periodic_dist false
    0.199134000   44.123631919   -0.000000000
    0.202650038   44.123631919   -0.000000000
    0.206166076   44.121653422   -1.406322976
    0.209682115   44.109567747   -6.885203232
    0.213198153   44.063510877  -21.385310653
    0.216714191   43.933405812  -56.790878301
    0.220230229   43.618507973 -131.243527956
    0.223746268   42.946939226 -261.717857293
    0.227262306   41.689695617 -467.091641805
    0.230778344   39.573487055 -748.588974039
    0.234294382   36.367241607 -1079.589639878
    0.237810420   31.986833357 -1405.691133334
    0.241326459   26.586201657 -1645.244460964
    0.244842497   20.596828885 -1730.788731612
    0.248358535   14.642435145 -1624.016756462
    0.251874573    9.379240455 -1346.752758511
    0.255390611    5.284082626 -977.848308485
    0.258906650    2.507655743 -608.433815818
    0.262422688    0.919570551 -311.633154474
    0.265938726    0.197409993 -116.074595017
    0.269454764    0.000000000   -8.268014580
    0.272970803    0.078046824   44.986285032
    0.276486841    0.281257370   67.100019599
    0.280002879    0.532832959   74.425549501
    0.283518917    0.808274446   83.751457781
    0.287034955    1.130823611  101.423690901
    0.290550994    1.541389383  135.360212414
    0.294067032    2.103337604  185.468355727
    0.297583070    2.843374659  233.940594340
    0.301099108    3.741593591  273.888555733
    0.304615146    4.742432019  291.824090569
    0.308131185    5.761816404  283.737569620
    0.311647223    6.718636410  259.949233524
    0.315163261    7.577804279  230.120869630
    0.318679299    8.347597027  210.181715496
    0.322195338    9.061744959  196.035380640
    0.325711376    9.715170014  173.540746346
    0.329227414   10.259044042  135.633505571
    0.332743452   10.657030816   89.205804697
    0.336259490   10.908305071   58.396265805
    0.339775529   11.115287813   66.256722424
    0.343291567   11.410180760  105.575288495
    0.346807605   11.854977778  144.579517731
    0.350323643   12.387440419  150.166243591
    0.353839682   12.857171262  109.655822382
    0.357355720   13.116278006   33.003103080
    0.360871758   13.089762499  -47.016933008
    0.364387796   12.817406905 -102.596297823
    0.367903834   12.421342577 -114.820677852
    0.371419873   12.057044911  -86.730770037
    0.374935911   11.834803336  -38.950804326
    0.378451949   11.762854607   -6.147291513
    0.381967987   11.755460245   -5.579846905
    0.385484025   11.680608688  -40.544550894
    0.389000064   11.462463782  -82.999061038
    0.392516102   11.112187288 -111.010774884
    0.396032140   10.707739913 -114.392768341
    0.399548178   10.328201848 -101.219197388
    0.403064217    9.997218451  -89.534469113
    0.406580255    9.686532391  -89.951758178
    0.410096293    9.344586601 -106.049252471
    0.413612331    8.926541885 -132.041228013
    0.417128369    8.416007425 -157.472747549
    0.420644408    7.834962004 -169.930336854
    0.424160446    7.256144618 -155.731878007
    0.427676484    6.770965892 -116.884817325
    0.431192522    6.441727886  -71.517416472
    0.434708561    6.250793889  -41.475020749
    0.438224599    6.113904628  -43.254522870
    0.441740637    5.914786587  -72.508892871
    0.445256675    5.596826017 -106.812829737
    0.448772713    5.187765774 -121.371551797
    0.452288752    4.779269179 -108.021891650
    0.455804790    4.450489331  -75.116706165
    0.459320828    4.255369881  -37.308090473
    0.462836866    4.181895549   -5.792845868
    0.466352904    4.190763905    8.715203205
    0.469868943    4.226614876    7.330048348
    0.473384981    4.223401226  -12.139579671
    0.476901019    4.120264741  -47.014238458
    0.480417057    3.887743116  -79.986027565
    0.483933096    3.587501338  -84.092088985
    0.487449134    3.336453270  -53.291532627
    0.490965172    3.228793157   -7.176110680
    0.494481210    3.266546718   22.189899023
    0.497997248    3.332979060   10.111050176
    0.501513287    3.300614683  -31.432766214
    0.505029325    3.112553172  -71.937853905
    0.508545363    2.836389898  -77.568580192
    0.512061401    2.616397040  -42.550231989
    0.515577439    2.556005005    7.408423368
    0.519093478    2.648477180   40.256343140
    0.522609516    2.800276519   40.563365125
    0.526125554    2.900812342   16.293072976
    0.529641592    2.914962756   -5.442127457
    0.533157631    2.879481682  -12.214512566
    0.536673669    2.842128911   -8.136667835
    0.540189707    2.830870991    0.027106456
    0.543705745    2.857089216   15.110574517
    0.547221783    2.949195207   39.483606207
    0.550737822    3.141367320   70.352698416
    0.554253860    3.430767927   91.167735325
    0.557769898    3.750642124   86.067598333
    0.561285936    4.011482563   58.619544093
    0.564801975    4.158603091   25.019954866
    0.568318013    4.211176066    9.914449153
    0.571834051    4.253604706   16.281285571
    0.575350089    4.333472257   28.160248671
    0.578866127    4.434409516   26.046788425
    0.582382166    4.494875195    3.797961407
    0.585898204    4.444542617  -32.985854254
    0.589414242    4.260999243  -71.372464828
    0.592930280    3.957663605  -98.508130352
    0.596446318    3.600299572  -99.128072430
    0.599962357    3.305543013  -61.031134583
    0.603478395    3.214070718   12.902320244
    0.606994433    3.412802732  100.578275322
    0.610510471    3.896681598  168.103665000
    0.614026510    4.538509880  191.192991923
    0.617542548    5.188190282  175.528533314
    0.621058586    5.765077449  152.759454166
    0.624574624    6.291042984  149.975772119
    0.628090662    6.850110906  172.564402713
    0.631606701    7.522475564  210.954411595
    0.635122739    8.327962735  247.812752606
    0.638638777    9.275998170  292.349358833
    0.642154815   10.384229644  338.668624674
    0.645670854   11.659991009  386.582911075
    0.649186892   13.084651430  421.035938597
    0.652702930   14.600143798  435.786670845
    0.656218968   16.132518793  435.882657526
    0.659735006   17.673311609  444.770658611
    0.663251045   19.303268665  488.893885976
    0.666767083   21.157970465  569.956714155
    0.670283121   23.313868980  654.292395504
    0.673799159   25.719032485  704.176460393
    0.677315197   28.196487349  695.243867661
    0.680831236   30.551856336  638.207623539
    0.684347274   32.668385233  568.909858349
    0.687863312   34.576261184  522.601120466
    0.691379350   36.377558711  505.552265729
    0.694895389   38.135618264  491.853177533
    0.698411427   39.804331299  451.966452336
    0.701927465   41.270159690  375.928352121
    0.705443503   42.417605813  275.317743447
    0.708959541   43.210204506  177.617412653
    0.712475580   43.688177962   99.442864035
    0.715991618   43.941942358   48.929026813
    0.719507656   44.060236547   21.373775331
    0.723023694   44.109037093    8.169946715
    0.726539732   44.122267933    1.460374057
    0.730055771   44.123631919   -0.000000000
    0.733571809   44.123631919   -0.000000000
    0.737087847   44.123631919   -0.000000000
    0.740603885   44.123631919   -0.000000000
    0.744119924   44.123631919   -0.000000000
    0.747635962   44.123631919   -0.000000000
    0.751152000   44.123631919   -0.000000000
