#! FIELDS dist file.free der_dist
#! SET min_dist 0.199134
#! SET max_dist 0.751152
#! SET nbins_dist  158
#! SET periodic_dist false
    0.199134000   57.502636360   -0.417620903
    0.202650038   57.499968505   -1.225508894
    0.206166076   57.489034199   -6.183584734
    0.209682115   57.444747460  -21.760619267
    0.213198153   57.310455114  -59.354150344
    0.216714191   56.975541729 -139.657149255
    0.220230229   56.245929603 -289.964138593
    0.223746268   54.829765487 -532.608566388
    0.227262306   52.377651907 -879.146833794
    0.230778344   48.555635954 -1303.953555761
    0.234294382   43.200268800 -1735.451089137
    0.237810420   36.461185701 -2073.635536479
    0.241326459   28.853562737 -2214.426396664
    0.244842497   21.176682689 -2110.470868610
    0.248358535   14.277232717 -1782.981188367
    0.251874573    8.792458181 -1326.151193006
    0.255390611    4.957756025 -867.068782140
    0.258906650    2.589122221 -500.842924212
    0.262422688    1.280444325 -265.953196639
    0.265938726    0.587380367 -143.039012923
    0.269454764    0.204745617  -80.065430582
    0.272970803    0.012446904  -29.819232831
    0.276486841    0.000000000   23.286678783
    0.280002879    0.173044135   74.213413012
    0.283518917    0.514930423  118.792623443
    0.287034955    0.992720861  150.827776061
    0.290550994    1.568272627  176.705573001
    0.294067032    2.239136089  204.313727794
    0.297583070    2.997178268  225.684505597
    0.301099108    3.822813496  241.777828037
    0.304615146    4.678503130  242.752978216
    0.308131185    5.507431908  226.166260465
    0.311647223    6.262108132  204.773417086
    0.315163261    6.950472992  190.173068459
    0.318679299    7.624806260  197.492147311
    0.322195338    8.351931534  216.892766993
    0.325711376    9.139080179  228.122426587
    0.329227414    9.921388033  214.758819958
    0.332743452   10.617880020  176.610643341
    0.336259490   11.156485511  130.678652473
    0.339775529   11.559349140  102.528232446
    0.343291567   11.899959150   95.093458262
    0.346807605   12.234080083   94.821735370
    0.350323643   12.556227753   85.055600238
    0.353839682   12.811465435   56.925795391
    0.357355720   12.938528618   12.711490494
    0.360871758   12.904971663  -31.564226620
    0.364387796   12.735614436  -62.283678544
    0.367903834   12.497618194  -68.509489697
    0.371419873   12.279340184  -52.706569336
    0.374935911   12.137354196  -28.352554323
    0.378451949   12.059307925  -19.379003018
    0.381967987   11.975954276  -33.496290393
    0.385484025   11.794385164  -71.549849257
    0.389000064   11.477719229 -107.138344854
    0.392516102   11.059641471 -124.932644621
    0.396032140   10.624692617 -118.040898539
    0.399548178   10.250322210  -94.452663039
    0.403064217    9.964746617  -69.914983044
    0.406580255    9.748173113  -56.299224383
    0.410096293    9.545064051  -61.897667712
    0.413612331    9.285634249  -87.828164521
    0.417128369    8.911775830 -126.203439153
    0.420644408    8.402256201 -161.787960946
    0.424160446    7.803726987 -174.815000223
    0.427676484    7.211270554 -157.163297052
    0.431192522    6.723147931 -119.008604638
    0.434708561    6.375153060  -81.006776726
    0.438224599    6.130729373  -63.812256774
    0.441740637    5.897316938  -72.362079174
    0.445256675    5.606120841  -93.692501544
    0.448772713    5.249262494 -106.927397452
    0.452288752    4.878391141 -102.710227572
    0.455804790    4.542806242  -84.937364045
    0.459320828    4.285058051  -62.823699543
    0.462836866    4.099282491  -42.661508617
    0.466352904    3.972267319  -30.053286361
    0.469868943    3.885461998  -21.577220740
    0.473384981    3.812540758  -21.351241399
    0.476901019    3.717454265  -33.694254260
    0.480417057    3.562996570  -50.673177297
    0.483933096    3.374101793  -52.374561348
    0.487449134    3.219129319  -32.397724737
    0.490965172    3.155078636   -3.313522552
    0.494481210    3.181430059   13.430134110
    0.497997248    3.210738407   -0.366671788
    0.501513287    3.153579817  -34.239929842
    0.505029325    2.970836418  -66.978860538
    0.508545363    2.715078250  -72.733134825
    0.512061401    2.493909071  -49.881226224
    0.515577439    2.376866989  -17.722044613
    0.519093478    2.355687429    2.427065672
    0.522609516    2.370242936    2.540912574
    0.526125554    2.355146339   -9.989177262
    0.529641592    2.306797384  -14.596246729
    0.533157631    2.265665004   -7.308205562
    0.536673669    2.257719901    1.893902918
    0.540189707    2.277920525    6.524914119
    0.543705745    2.310476598   11.548446095
    0.547221783    2.368018284   23.592515365
    0.550737822    2.485375662   44.549994879
    0.554253860    2.675734972   62.152660654
    0.557769898    2.901812459   63.273769631
    0.561285936    3.106119915   50.515493858
    0.564801975    3.256143410   34.911700051
    0.568318013    3.371858541   34.589071005
    0.571834051    3.515495806   47.856893549
    0.575350089    3.709873268   61.381288342
    0.578866127    3.932443985   63.073940374
    0.582382166    4.141455829   52.830667098
    0.585898204    4.296219323   35.269862279
    0.589414242    4.385113014   13.927300529
    0.592930280    4.391244795  -11.425707074
    0.596446318    4.309972211  -32.836560677
    0.599962357    4.185142026  -33.058813593
    0.603478395    4.113893858   -3.252764440
    0.606994433    4.188588990   48.877935907
    0.610510471    4.453740504   98.645373918
    0.614026510    4.850496392  124.025095868
    0.617542548    5.291829965  126.300805293
    0.621058586    5.740062456  129.315159014
    0.624574624    6.229106216  151.923303364
    0.628090662    6.829030853  192.233435868
    0.631606701    7.583452039  236.352661709
    0.635122739    8.468795405  267.365602830
    0.638638777    9.469737106  302.589190745
    0.642154815   10.600442766  341.481881903
    0.645670854   11.881924855  387.294097975
    0.649186892   13.311325134  422.854318474
    0.652702930   14.829255960  434.383636420
    0.656218968   16.331122565  418.506978371
    0.659735006   17.768848623  402.460166851
    0.663251045   19.198445767  416.558989811
    0.666767083   20.749728186  471.288532429
    0.670283121   22.532815400  543.998415193
    0.673799159   24.561337840  604.480891927
    0.677315197   26.741838749  631.775487658
    0.680831236   28.981623352  640.920293923
    0.684347274   31.265865764  665.218667627
    0.687863312   33.703841936  729.299611891
    0.691379350   36.428927616  822.466006845
    0.694895389   39.472991846  902.360444291
    0.698411427   42.708234209  927.079250889
    0.701927465   45.908035782  881.460153426
    0.705443503   48.834394306  776.525200334
    0.708959541   51.334216037  642.192679687
    0.712475580   53.339112526  499.190418755
    0.715991618   54.856505076  365.529126401
    0.719507656   55.935801031  251.370196042
    0.723023694   56.649876577  159.018933741
    0.726539732   57.076653837   89.434483041
    0.730055771   57.309644257   46.965242916
    0.733571809   57.427079808   21.660691667
    0.737087847   57.477471812    8.313589832
    0.740603885   57.495684196    2.959489078
    0.744119924   57.502176471    1.027368817
    0.747635962   57.502636461   -0.000000000
    0.751152000   57.502636461   -0.000000000
