#! FIELDS dist file.free der_dist
#! SET min_dist 0.199134
#! SET max_dist 0.751152
#! SET nbins_dist  158
#! SET periodic_dist false
    0.199134000   59.762507486   -0.417620903
    0.202650038   59.759839630   -1.225508894
    0.206166076   59.747835030   -7.005623882
    0.209682115   59.697058381  -24.950969664
    0.213198153   59.543166430  -68.030473125
    0.216714191   59.160405974 -159.315568678
    0.220230229   58.330936099 -328.588027731
    0.223746268   56.732693532 -598.829890245
    0.227262306   53.991113343 -977.812797385
    0.230778344   49.769794449 -1430.705417006
    0.234294382   43.941768823 -1873.825120566
    0.237810420   36.732755568 -2197.984649792
    0.241326459   28.750607121 -2299.648024924
    0.244842497   20.864761803 -2143.339644107
    0.248358535   13.937506973 -1768.192273748
    0.251874573    8.561186565 -1283.253009751
    0.255390611    4.890578810 -820.396101616
    0.258906650    2.664299851 -468.739141157
    0.262422688    1.431159609 -255.262323220
    0.265938726    0.741934183 -150.347593298
    0.269454764    0.314712260  -96.535112205
    0.272970803    0.062015937  -46.415042178
    0.276486841    0.000000000   12.425178466
    0.280002879    0.149471017   71.840492103
    0.283518917    0.498068752  124.753371227
    0.287034955    1.008374890  162.898140807
    0.290550994    1.632436483  191.622018957
    0.294067032    2.355713026  218.739276136
    0.297583070    3.159838933  237.186762952
    0.301099108    4.019779445  249.860672714
    0.304615146    4.899926183  248.951723791
    0.308131185    5.751127944  233.047987001
    0.311647223    6.534253765  214.235661007
    0.315163261    7.260505044  202.075652901
    0.318679299    7.978127176  209.767892737
    0.322195338    8.745316096  227.003289954
    0.325711376    9.562403063  234.987958707
    0.329227414   10.364255927  219.187899348
    0.332743452   11.074016215  179.888619046
    0.336259490   11.621636441  132.302192555
    0.339775529   12.024162911  100.239667140
    0.343291567   12.346202080   86.586022225
    0.346807605   12.639591405   80.513700418
    0.350323643   12.907437314   69.350047717
    0.353839682   13.114665844   46.506718852
    0.357355720   13.223103242   13.140359122
    0.360871758   13.212860755  -18.963002027
    0.364387796   13.104108365  -41.307361825
    0.367903834   12.945259176  -45.670897588
    0.371419873   12.800980261  -34.126476183
    0.374935911   12.713022730  -16.325837328
    0.378451949   12.666565500  -12.929469179
    0.381967987   12.600793776  -29.356853944
    0.385484025   12.434021644  -66.946415250
    0.389000064   12.135659063 -101.326386002
    0.392516102   11.738174010 -119.407879904
    0.396032140   11.319188454 -114.856213016
    0.399548178   10.949924139  -94.817487656
    0.403064217   10.657523334  -73.134035199
    0.406580255   10.427208488  -60.463909122
    0.410096293   10.211060095  -64.747675561
    0.413612331    9.947067754  -87.349828828
    0.417128369    9.582078250 -121.516507813
    0.420644408    9.096796487 -152.785736749
    0.424160446    8.536232484 -162.491467245
    0.427676484    7.989645909 -143.829485978
    0.431192522    7.546062676 -107.434628542
    0.434708561    7.232789328  -72.885461661
    0.438224599    7.011354927  -58.632226790
    0.441740637    6.794663889  -67.392195125
    0.445256675    6.525311080  -85.955648787
    0.448772713    6.201640644  -95.886891316
    0.452288752    5.872134189  -90.878871268
    0.455804790    5.572569965  -77.100614431
    0.459320828    5.328793106  -63.182319041
    0.462836866    5.124981312  -52.464797887
    0.466352904    4.950011888  -46.766549932
    0.469868943    4.800230231  -39.667356213
    0.473384981    4.670129981  -34.944829013
    0.476901019    4.540932279  -39.224502798
    0.480417057    4.381651629  -48.207054638
    0.483933096    4.210894818  -45.301892454
    0.487449134    4.082157093  -25.248413922
    0.490965172    4.038441104    0.870727463
    0.494481210    4.073570837   14.499430002
    0.497997248    4.104674382    0.092437254
    0.501513287    4.052945901  -31.149061585
    0.505029325    3.888511049  -59.524465874
    0.508545363    3.665578100  -61.827008284
    0.512061401    3.484036665  -38.874785377
    0.515577439    3.399498050  -11.036673360
    0.519093478    3.388643456    1.256320761
    0.522609516    3.383756387   -7.128682411
    0.526125554    3.323523065  -25.214868453
    0.529641592    3.219623573  -29.902216843
    0.533157631    3.133178980  -16.968024341
    0.536673669    3.106605349    1.248155193
    0.540189707    3.140554545   14.635689962
    0.543705745    3.211652042   24.478392080
    0.547221783    3.315121526   35.892135923
    0.550737822    3.467437682   51.553162780
    0.554253860    3.669750060   61.874719662
    0.557769898    3.883076180   56.644925662
    0.561285936    4.056636500   40.277769387
    0.564801975    4.168968011   24.236690084
    0.568318013    4.249934499   25.744546103
    0.571834051    4.366714004   41.419532146
    0.575350089    4.542135195   56.885312220
    0.578866127    4.751092336   59.755257534
    0.582382166    4.949708748   50.275846600
    0.585898204    5.097362596   33.767280859
    0.589414242    5.183690354   14.029550888
    0.592930280    5.193480881   -9.435850300
    0.596446318    5.122595592  -29.023542363
    0.599962357    5.013194899  -28.213318209
    0.603478395    4.959112920    1.506759529
    0.606994433    5.049275655   52.806791407
    0.610510471    5.326549718  101.684652955
    0.614026510    5.733628829  126.996378942
    0.617542548    6.187433295  130.636081798
    0.621058586    6.655014449  136.011636662
    0.624574624    7.171662421  160.909560009
    0.628090662    7.806150246  202.652689133
    0.631606701    8.597464102  246.708099770
    0.635122739    9.516523111  275.891788565
    0.638638777   10.541652110  307.634442968
    0.642154815   11.682547951  342.237272683
    0.645670854   12.960290565  384.643723967
    0.649186892   14.377641146  419.402541120
    0.652702930   15.887415286  433.905774056
    0.656218968   17.397370994  423.763361009
    0.659735006   18.861766305  411.968028664
    0.663251045   20.326239669  425.896500384
    0.666767083   21.900962463  474.320364733
    0.670283121   23.677100006  536.763967509
    0.673799159   25.662935033  588.139204274
    0.677315197   27.778512235  612.034593886
    0.680831236   29.953968976  625.109208540
    0.684347274   32.199198249  659.265883349
    0.687863312   34.632849679  731.896390237
    0.691379350   37.369142092  823.969194304
    0.694895389   40.394670143  887.800686013
    0.698411427   43.531080046  884.100824937
    0.701927465   46.527864371  810.577084720
    0.705443503   49.181345155  696.856055893
    0.708959541   51.432819988  586.426233897
    0.712475580   53.330009447  497.514854412
    0.715991618   54.956181165  428.761233232
    0.719507656   56.353628118  365.093828572
    0.723023694   57.512166591  292.511008364
    0.726539732   58.396353211  211.741650484
    0.730055771   59.009518991  139.265002752
    0.733571809   59.392531308   80.880867880
    0.737087847   59.601661947   40.917305523
    0.740603885   59.701782563   18.495175134
    0.744119924   59.745008298    7.469289660
    0.747635962   59.759756054    1.681519699
    0.751152000   59.762507586   -0.000000000
