#! FIELDS dist file.free der_dist
#! SET min_dist 0.199134
#! SET max_dist 0.751152
#! SET nbins_dist  158
#! SET periodic_dist false
    0.199134000   37.840404935   -0.000000000
    0.202650038   37.840404935   -0.000000000
    0.206166076   37.840404935   -0.000000000
    0.209682115   37.838572754   -1.434490901
    0.213198153   37.828213936   -5.109565597
    0.216714191   37.791192524  -17.763660342
    0.220230229   37.680762634  -50.028726782
    0.223746268   37.404189833 -113.968980433
    0.227262306   36.818449675 -230.063219689
    0.230778344   35.706910982 -415.003052209
    0.234294382   33.817582609 -670.226899465
    0.237810420   30.937084533 -972.922859080
    0.241326459   26.992464804 -1262.301804791
    0.244842497   22.158457119 -1466.017488117
    0.248358535   16.865316651 -1515.381947836
    0.251874573   11.711010649 -1388.698771229
    0.255390611    7.266440193 -1124.811126341
    0.258906650    3.881457308 -796.442835555
    0.262422688    1.651313841 -479.877751623
    0.265938726    0.437259373 -222.849421296
    0.269454764    0.000000000  -37.488375873
    0.272970803    0.102861917   85.502582679
    0.276486841    0.538206214  153.957529688
    0.280002879    1.131784346  177.518865762
    0.283518917    1.753574313  173.480463641
    0.287034955    2.342047708  160.962807613
    0.290550994    2.901980289  161.728992515
    0.294067032    3.511061916  188.399824734
    0.297583070    4.243165795  228.798305421
    0.301099108    5.124412732  270.172402509
    0.304615146    6.119641466  291.967697540
    0.308131185    7.141724575  284.193755223
    0.311647223    8.094897460  257.436948808
    0.315163261    8.944086309  227.774179076
    0.318679299    9.714648034  213.992487788
    0.322195338   10.460269929  210.727261962
    0.325711376   11.185810358  198.678664318
    0.329227414   11.827371986  164.512650891
    0.332743452   12.321792298  114.085067669
    0.336259490   12.649617430   76.895173368
    0.339775529   12.914194885   81.756059877
    0.343291567   13.270125999  126.197245129
    0.346807605   13.806782148  177.018223093
    0.350323643   14.477442927  195.679026698
    0.353839682   15.117853254  158.870226734
    0.357355720   15.539368676   73.695920109
    0.360871758   15.624123812  -26.119500546
    0.364387796   15.385274954 -103.973924483
    0.367903834   14.956146691 -129.952124458
    0.371419873   14.535775519 -100.791952383
    0.374935911   14.287658753  -37.945798465
    0.378451949   14.255564415   14.689971758
    0.381967987   14.345045432   26.937014008
    0.385484025   14.385194584  -10.105664972
    0.389000064   14.251959252  -66.325810184
    0.392516102   13.932471352 -109.739678605
    0.396032140   13.515165411 -122.040954057
    0.399548178   13.105233263 -109.742696039
    0.403064217   12.750077685  -94.643080794
    0.406580255   12.424794193  -93.835284577
    0.410096293   12.065604673 -112.176812551
    0.413612331   11.617794961 -142.715381601
    0.417128369   11.063549451 -171.038766457
    0.420644408   10.436717660 -181.857957849
    0.424160446    9.819157806 -165.893024974
    0.427676484    9.300765848 -126.046308229
    0.431192522    8.934406637  -84.494619069
    0.434708561    8.687013677  -60.883978470
    0.438224599    8.471560458  -67.344329686
    0.441740637    8.187359402  -95.203364454
    0.445256675    7.803803225 -119.980283472
    0.448772713    7.372183973 -120.965964647
    0.452288752    6.985910814  -96.322973132
    0.455804790    6.706663463  -60.115855519
    0.459320828    6.556783467  -27.964654329
    0.462836866    6.497395322   -8.029780589
    0.466352904    6.473257037   -7.945196608
    0.469868943    6.427972468  -21.425222738
    0.473384981    6.311062435  -46.796061111
    0.476901019    6.087731596  -79.284325306
    0.480417057    5.755678366 -103.731798106
    0.483933096    5.390002280  -98.220854892
    0.487449134    5.097496940  -63.848832462
    0.490965172    4.947613145  -22.154449876
    0.494481210    4.914803118   -3.297879589
    0.497997248    4.874619023  -24.463534929
    0.501513287    4.712376327  -69.133298417
    0.505029325    4.399891445 -103.814458401
    0.508545363    4.030842179  -98.067604164
    0.512061401    3.757945325  -52.576590590
    0.515577439    3.673226853    2.712685478
    0.519093478    3.749306401   34.949978907
    0.522609516    3.877322269   32.673639497
    0.526125554    3.950447649    9.694332219
    0.529641592    3.955157495   -2.988151780
    0.533157631    3.954140466    5.272356442
    0.536673669    4.006677215   24.595928170
    0.540189707    4.126494883   39.651121472
    0.543705745    4.283596213   47.665369390
    0.547221783    4.458837215   52.488686923
    0.550737822    4.650171877   56.617587786
    0.554253860    4.846908199   53.374111974
    0.557769898    5.005434623   34.629924207
    0.561285936    5.082679546    8.343410842
    0.564801975    5.077506685   -9.145001039
    0.568318013    5.052074505    0.508409908
    0.571834051    5.108818510   33.497819552
    0.575350089    5.287290494   65.629506004
    0.578866127    5.541280913   73.820379623
    0.582382166    5.771166490   51.207593032
    0.585898204    5.878244139    8.767963340
    0.589414242    5.831037191  -34.964517215
    0.592930280    5.654145820  -61.893961421
    0.596446318    5.432253447  -58.570812950
    0.599962357    5.285103521  -18.751277276
    0.603478395    5.333172180   48.206504832
    0.606994433    5.631550353  120.264939666
    0.610510471    6.147647764  166.811213378
    0.614026510    6.754801087  174.207854376
    0.617542548    7.333637352  154.283082184
    0.621058586    7.844525689  137.771650507
    0.624574624    8.332696399  143.200386663
    0.628090662    8.872621294  166.650605133
    0.631606701    9.510278780  195.431604716
    0.635122739   10.233828861  216.659170940
    0.638638777   11.048701870  249.406053553
    0.642154815   12.010476179  300.080527986
    0.645670854   13.179389170  367.177359599
    0.649186892   14.587102240  431.852590176
    0.652702930   16.198880906  480.660233051
    0.656218968   17.946109467  511.657561305
    0.659735006   19.790036990  539.023974499
    0.663251045   21.759341214  584.340759476
    0.666767083   23.916396034  642.375886457
    0.670283121   26.251349972  680.126530458
    0.673799159   28.639335273  666.697148949
    0.677315197   30.862295969  587.324875443
    0.680831236   32.712200828  458.918919558
    0.684347274   34.074310581  319.404611741
    0.687863312   34.987491375  208.233501572
    0.691379350   35.594390315  145.102839954
    0.694895389   36.053950880  120.955628077
    0.698411427   36.464663059  114.391122561
    0.701927465   36.856290703  106.690078167
    0.705443503   37.199738734   87.654897054
    0.708959541   37.467018894   63.752885878
    0.712475580   37.647349090   39.550872467
    0.715991618   37.752708529   21.471011200
    0.719507656   37.806290321   10.073802977
    0.723023694   37.829940721    4.107096031
    0.726539732   37.839040949    1.460374057
    0.730055771   37.840404935   -0.000000000
    0.733571809   37.840404935   -0.000000000
    0.737087847   37.840404935   -0.000000000
    0.740603885   37.840404935   -0.000000000
    0.744119924   37.840404935   -0.000000000
    0.747635962   37.840404935   -0.000000000
    0.751152000   37.840404935   -0.000000000
