#! FIELDS dist file.free der_dist
#! SET min_dist 0.199134
#! SET max_dist 0.751152
#! SET nbins_dist  158
#! SET periodic_dist false
    0.199134000   54.787620238   -0.417620903
    0.202650038   54.784952383   -1.225508894
    0.206166076   54.774334343   -5.695149968
    0.209682115   54.734853113  -19.129845780
    0.213198153   54.617246915  -51.757597182
    0.216714191   54.326678169 -120.879967411
    0.220230229   53.695661192 -250.836991982
    0.223746268   52.470009567 -461.354321916
    0.227262306   50.340111448 -765.956768330
    0.230778344   46.993345955 -1147.767168722
    0.234294382   42.244516292 -1550.379340522
    0.237810420   36.165864529 -1888.925899110
    0.241326459   29.154089920 -2065.969853450
    0.244842497   21.891601153 -2026.461692548
    0.248358535   15.158845053 -1771.520426323
    0.251874573    9.605248710 -1372.704948383
    0.255390611    5.546336200 -942.620383949
    0.258906650    2.906527142 -575.014349920
    0.262422688    1.372291180 -317.665577942
    0.265938726    0.550023279 -164.643880020
    0.269454764    0.140498373  -75.030236953
    0.272970803    0.000000000   -7.169189868
    0.276486841    0.083153029   53.677041040
    0.280002879    0.366126785  105.563850213
    0.283518917    0.814347037  147.718288998
    0.287034955    1.389137277  176.970164876
    0.290550994    2.051238235  199.791466395
    0.294067032    2.797052270  223.685955030
    0.297583070    3.614580054  239.897119928
    0.301099108    4.480233691  250.365766657
    0.304615146    5.357827097  246.981703433
    0.308131185    6.198223475  228.939263304
    0.311647223    6.963589877  208.228944404
    0.315163261    7.665146941  193.880962494
    0.318679299    8.348160854  198.173408560
    0.322195338    9.065979919  210.166699217
    0.325711376    9.811753424  211.077459873
    0.329227414   10.516257065  187.984348611
    0.332743452   11.107113431  144.139793185
    0.336259490   11.530662398   99.045125148
    0.339775529   11.835316425   79.538312126
    0.343291567   12.122082043   88.340719809
    0.346807605   12.468224285  108.955493163
    0.350323643   12.878124401  120.451251084
    0.353839682   13.288570336  108.251321319
    0.357355720   13.607994781   68.617023011
    0.360871758   13.758671948   15.035075340
    0.364387796   13.718834685  -36.682749829
    0.367903834   13.525700575  -68.598427487
    0.371419873   13.267188166  -74.148746171
    0.374935911   13.027888424  -60.069322991
    0.378451949   12.838895482  -48.951683876
    0.381967987   12.668236072  -52.803533718
    0.385484025   12.440092460  -79.125694887
    0.389000064   12.111473416 -107.324823965
    0.392516102   11.696914642 -123.861007156
    0.396032140   11.261619338 -119.757380925
    0.399548178   10.874292637  -99.845915351
    0.403064217   10.565031402  -77.673757763
    0.406580255   10.320733746  -63.701978988
    0.410096293   10.096546240  -66.251062968
    0.413612331    9.830568676  -87.043647060
    0.417128369    9.469742155 -119.367991771
    0.420644408    8.995416204 -148.691122298
    0.424160446    8.452912247 -156.429630975
    0.427676484    7.929952555 -136.600335360
    0.431192522    7.510492375 -101.559094909
    0.434708561    7.210175800  -72.202984872
    0.438224599    6.973910053  -68.582203149
    0.441740637    6.697551082  -91.734986199
    0.445256675    6.318212485 -123.178656039
    0.448772713    5.852542962 -137.544356183
    0.452288752    5.387860522 -123.740158699
    0.455804790    5.007178477  -88.812240132
    0.459320828    4.767830301  -49.068882561
    0.462836866    4.652126651  -18.370579016
    0.466352904    4.611878260   -7.013009470
    0.469868943    4.587338700  -10.464874674
    0.473384981    4.525565900  -26.323937458
    0.476901019    4.388318224  -51.712367208
    0.480417057    4.158107302  -74.404060261
    0.483933096    3.887474884  -74.023999362
    0.487449134    3.667607086  -47.059144659
    0.490965172    3.568134755   -8.871378367
    0.494481210    3.590401582   16.448501098
    0.497997248    3.643160149    9.582569961
    0.501513287    3.630133311  -19.506979499
    0.505029325    3.504980993  -49.232326137
    0.508545363    3.313574261  -54.119628069
    0.512061401    3.158248044  -31.109744341
    0.515577439    3.106035739    0.265338952
    0.519093478    3.145124562   18.402506730
    0.522609516    3.208528218   13.928243435
    0.526125554    3.222566725   -5.011538730
    0.529641592    3.180453384  -15.739563664
    0.533157631    3.129133594  -11.200869590
    0.536673669    3.109670441    0.041765361
    0.540189707    3.131895380    9.915143367
    0.543705745    3.186641163   20.462272645
    0.547221783    3.281160880   35.036690505
    0.550737822    3.437195317   54.409839827
    0.554253860    3.654581761   67.242868780
    0.557769898    3.886987978   61.670915377
    0.561285936    4.073793666   42.113260806
    0.564801975    4.184171015   21.046402808
    0.568318013    4.244661272   17.602841737
    0.571834051    4.328288558   31.295214778
    0.575350089    4.470286059   48.583419898
    0.578866127    4.657485589   55.929339690
    0.582382166    4.851748261   51.438971990
    0.585898204    5.009824861   38.411810041
    0.589414242    5.116760011   21.062699493
    0.592930280    5.155799558    0.387158574
    0.596446318    5.126064808  -15.234757137
    0.599962357    5.072552195  -10.437776409
    0.603478395    5.085441672   21.237244686
    0.606994433    5.241310121   69.623268389
    0.610510471    5.565072400  110.602916623
    0.614026510    5.984157759  124.622900626
    0.617542548    6.407993622  115.988939439
    0.621058586    6.804647676  110.843744687
    0.624574624    7.219843438  128.822655955
    0.628090662    7.734142036  167.120473137
    0.631606701    8.399596839  211.053040188
    0.635122739    9.199706644  244.354683087
    0.638638777   10.125112449  283.029904278
    0.642154815   11.195484647  326.745183525
    0.645670854   12.436179860  379.071013332
    0.649186892   13.852134000  424.211233801
    0.652702930   15.398062693  449.336191392
    0.656218968   16.978713432  448.141101124
    0.659735006   18.542138100  443.058437180
    0.663251045   20.119938282  458.198977619
    0.666767083   21.799741626  501.164318672
    0.670283121   23.652908647  552.878395239
    0.673799159   25.672050822  590.934967713
    0.677315197   27.776576068  604.120802819
    0.680831236   29.914964809  613.365664469
    0.684347274   32.121894870  650.355893514
    0.687863312   34.537326897  730.773258545
    0.691379350   37.283358654  830.048968850
    0.694895389   40.331651197  892.619570454
    0.698411427   43.463072636  874.028783935
    0.701927465   46.376348009  770.828732695
    0.705443503   48.821164408  616.365386775
    0.708959541   50.708523146  459.582783472
    0.712475580   52.081262428  327.283787280
    0.715991618   53.051165008  228.772088044
    0.719507656   53.726057113  158.419902512
    0.723023694   54.183774091  104.396317582
    0.726539732   54.468719541   61.381979173
    0.730055771   54.633567025   34.556158375
    0.733571809   54.722684164   17.035040338
    0.737087847   54.763385281    7.439126406
    0.740603885   54.780668074    2.959489078
    0.744119924   54.787160349    1.027368817
    0.747635962   54.787620339   -0.000000000
    0.751152000   54.787620339   -0.000000000
