#! FIELDS dist file.free der_dist
#! SET min_dist 0.199134
#! SET max_dist 0.751152
#! SET nbins_dist  158
#! SET periodic_dist false
    0.199134000   30.714198331   -0.000000000
    0.202650038   30.714198331   -0.000000000
    0.206166076   30.714198331   -0.000000000
    0.209682115   30.714198331   -0.000000000
    0.213198153   30.714198331   -0.000000000
    0.216714191   30.713743659   -1.005864820
    0.220230229   30.697437560   -9.992238715
    0.223746268   30.629688771  -31.353710076
    0.227262306   30.446206775  -79.758265766
    0.230778344   30.016076684 -174.973135538
    0.234294382   29.141865299 -333.965433457
    0.237810420   27.583770364 -563.422714180
    0.241326459   25.131019338 -834.555220835
    0.244842497   21.725612409 -1093.594030078
    0.248358535   17.544189749 -1264.127210301
    0.251874573   13.007670521 -1289.428790987
    0.255390611    8.661869957 -1161.106629908
    0.258906650    4.986254386 -914.438008745
    0.262422688    2.295781076 -612.986440181
    0.265938726    0.668061397 -318.193879803
    0.269454764    0.000000000  -72.448041995
    0.272970803    0.077857361  103.246876263
    0.276486841    0.630570493  197.722876599
    0.280002879    1.383041429  219.657845461
    0.283518917    2.119323370  194.215835751
    0.287034955    2.736525620  157.348548903
    0.290550994    3.252165031  143.223414623
    0.294067032    3.794873361  171.988706960
    0.297583070    4.495971208  229.151872815
    0.301099108    5.414157044  290.281341717
    0.304615146    6.498176834  319.175921290
    0.308131185    7.593321180  294.274577613
    0.311647223    8.518681460  228.791589372
    0.315163261    9.185805423  153.654941608
    0.318679299    9.639733461  112.272303503
    0.322195338   10.024258516  112.862737551
    0.325711376   10.455564404  132.614824930
    0.329227414   10.933175040  136.576600137
    0.332743452   11.376453801  109.349374036
    0.336259490   11.690841364   70.100175769
    0.339775529   11.898762498   53.732187804
    0.343291567   12.115238209   76.142526797
    0.346807605   12.459343439  121.896053153
    0.350323643   12.971163134  166.095537501
    0.353839682   13.598860886  185.559856547
    0.357355720   14.244280217  175.776230823
    0.360871758   14.813220668  144.010108269
    0.364387796   15.242437559   97.439516004
    0.367903834   15.493490697   45.366146627
    0.371419873   15.563296147   -4.467598528
    0.374935911   15.469024687  -47.968856685
    0.378451949   15.226001377  -90.503992907
    0.381967987   14.836222282 -132.081182955
    0.385484025   14.294132107 -174.274874626
    0.389000064   13.635358861 -196.288102934
    0.392516102   12.949987527 -186.261998066
    0.396032140   12.362028602 -143.413761697
    0.399548178   11.960085584  -85.301233350
    0.403064217   11.749096576  -39.572787030
    0.406580255   11.651651156  -21.128492488
    0.410096293   11.565068765  -31.457876803
    0.413612331   11.410393844  -58.006856540
    0.417128369   11.150953193  -89.233008848
    0.420644408   10.792996788 -112.947874791
    0.424160446   10.373686644 -124.956781447
    0.427676484    9.929990951 -125.979114796
    0.431192522    9.487982903 -126.100989908
    0.434708561    9.036067057 -132.653514597
    0.438224599    8.550295961 -144.549489584
    0.441740637    8.026773505 -149.556942812
    0.445256675    7.523454513 -131.484851063
    0.448772713    7.138797075  -82.999094057
    0.452288752    6.959776601  -19.038400980
    0.455804790    6.990422389   33.879503354
    0.459320828    7.155972869   52.353059882
    0.462836866    7.314579985   32.129057088
    0.466352904    7.341749784  -19.747958760
    0.469868943    7.170038833  -78.669583514
    0.473384981    6.801469252 -128.670128060
    0.476901019    6.287944744 -158.073942349
    0.480417057    5.718458174 -157.837481121
    0.483933096    5.220912857 -118.859373163
    0.487449134    4.910344612  -55.001341790
    0.490965172    4.828878009    6.291122724
    0.494481210    4.912903595   32.971129019
    0.497997248    5.004553135   13.756939331
    0.501513287    4.981895540  -27.425900406
    0.505029325    4.828063262  -54.545874883
    0.508545363    4.651711315  -37.468975404
    0.512061401    4.607304568   15.648593817
    0.515577439    4.756966700   64.671899489
    0.519093478    5.014539569   72.953348465
    0.522609516    5.212766056   32.977468257
    0.526125554    5.218818126  -27.824396518
    0.529641592    5.040449344  -66.800097691
    0.533157631    4.797927846  -64.960322741
    0.536673669    4.618324952  -34.987044864
    0.540189707    4.559806548   -1.611592616
    0.543705745    4.601845066   22.164799370
    0.547221783    4.698659514   31.151337047
    0.550737822    4.807487820   29.123789154
    0.554253860    4.888249246   14.619195050
    0.557769898    4.894726778  -11.849751041
    0.561285936    4.809350282  -35.231083292
    0.564801975    4.671777227  -39.119776070
    0.568318013    4.577272411   -8.860539780
    0.571834051    4.632103868   40.324418276
    0.575350089    4.846166470   76.950236431
    0.578866127    5.133469624   80.378439081
    0.582382166    5.378744425   54.960146582
    0.585898204    5.512408995   22.731159125
    0.589414242    5.558097682    6.028352219
    0.592930280    5.586430338   13.471542112
    0.596446318    5.677138185   41.161078297
    0.599962357    5.887843164   80.746979680
    0.603478395    6.245946421  121.402329697
    0.606994433    6.732355348  152.473536962
    0.610510471    7.289829343  159.602284129
    0.614026510    7.820042748  140.407624891
    0.617542548    8.257865527  109.834453742
    0.621058586    8.609773797   92.290533470
    0.624574624    8.939125901   97.344120548
    0.628090662    9.310711214  114.589827147
    0.631606701    9.745317430  131.675794953
    0.635122739   10.227228934  144.393582341
    0.638638777   10.792845901  182.619356854
    0.642154815   11.558311704  258.261528603
    0.645670854   12.643839339  362.863018758
    0.649186892   14.099499516  461.376394413
    0.652702930   15.844940226  522.215343398
    0.656218968   17.710680936  531.329997239
    0.659735006   19.540107082  506.096343347
    0.663251045   21.270181573  479.508088937
    0.666767083   22.931932377  467.705674237
    0.670283121   24.560626551  458.118793695
    0.673799159   26.133466240  431.267996662
    0.677315197   27.558002048  373.653768475
    0.680831236   28.732594941  290.592775867
    0.684347274   29.590209977  199.234179553
    0.687863312   30.144133123  119.811457532
    0.691379350   30.458703969   63.282167763
    0.694895389   30.615963339   29.299789052
    0.698411427   30.683275106   11.304876732
    0.701927465   30.708604349    4.128601174
    0.705443503   30.714198331   -0.000000000
    0.708959541   30.714198331   -0.000000000
    0.712475580   30.714198331   -0.000000000
    0.715991618   30.714198331   -0.000000000
    0.719507656   30.714198331   -0.000000000
    0.723023694   30.714198331   -0.000000000
    0.726539732   30.714198331   -0.000000000
    0.730055771   30.714198331   -0.000000000
    0.733571809   30.714198331   -0.000000000
    0.737087847   30.714198331   -0.000000000
    0.740603885   30.714198331   -0.000000000
    0.744119924   30.714198331   -0.000000000
    0.747635962   30.714198331   -0.000000000
    0.751152000   30.714198331   -0.000000000
