#! FIELDS dist file.free der_dist
#! SET min_dist 0.199134
#! SET max_dist 0.751152
#! SET nbins_dist  158
#! SET periodic_dist false
    0.199134000   54.050674666   -0.417620903
    0.202650038   54.048006810   -1.225508894
    0.206166076   54.037388770   -5.695149968
    0.209682115   53.997907540  -19.129845780
    0.213198153   53.880349208  -51.692941542
    0.216714191   53.590530438 -120.482432959
    0.220230229   52.962371047 -249.526116373
    0.223746268   51.744161512 -458.219012270
    0.227262306   49.630841450 -759.331090634
    0.230778344   46.316510547 -1135.582485113
    0.234294382   41.623119197 -1530.805890522
    0.237810420   35.627443971 -1861.366972932
    0.241326459   28.724303115 -2032.261425699
    0.244842497   21.585357539 -1990.719231514
    0.248358535   14.974165924 -1738.950226270
    0.251874573    9.523049326 -1347.517683428
    0.255390611    5.536678443 -926.633344528
    0.258906650    2.937440102 -567.651986024
    0.262422688    1.416551411 -317.057021953
    0.265938726    0.588144460 -168.411608993
    0.269454764    0.161017660  -80.880785872
    0.272970803    0.000000000  -12.521469002
    0.276486841    0.069115331   51.478506048
    0.280002879    0.352426485  108.092298303
    0.283518917    0.817376745  154.437166517
    0.287034955    1.419033355  184.849698562
    0.290550994    2.104914633  204.726947043
    0.294067032    2.858163252  222.751531225
    0.297583070    3.662131384  233.478329972
    0.301099108    4.500024918  241.763500894
    0.304615146    5.350027770  240.575387483
    0.308131185    6.176070200  227.365275641
    0.311647223    6.943623027  210.620211666
    0.315163261    7.655516213  196.636811570
    0.318679299    8.342458782  197.011780165
    0.322195338    9.044960937  202.403409809
    0.325711376    9.751127518  196.457108763
    0.329227414   10.394932465  168.533361399
    0.332743452   10.913816983  123.359950077
    0.336259490   11.268858740   81.540006653
    0.339775529   11.524279474   69.769429849
    0.343291567   11.795419953   89.587987239
    0.346807605   12.166545580  121.689758233
    0.350323643   12.636922069  141.228342254
    0.353839682   13.125615984  130.830131146
    0.357355720   13.517640266   86.369080090
    0.360871758   13.715782091   23.909418373
    0.364387796   13.690825096  -36.810771964
    0.367903834   13.485616580  -74.711722546
    0.371419873   13.200814941  -82.344869312
    0.374935911   12.932765848  -68.002144242
    0.378451949   12.717369771  -56.111794156
    0.381967987   12.522152076  -59.661339503
    0.385484025   12.270290740  -85.665771837
    0.389000064   11.920612873 -112.554612503
    0.392516102   11.491374305 -126.898068860
    0.396032140   11.048594298 -121.334386718
    0.399548178   10.654693778 -102.601237904
    0.403064217   10.329098834  -84.622588371
    0.406580255   10.050754636  -76.052793389
    0.410096293    9.776507743  -81.665597456
    0.413612331    9.458158492 -100.466026883
    0.417128369    9.061824265 -125.403145545
    0.420644408    8.584432812 -144.230862379
    0.424160446    8.075551995 -142.172030586
    0.427676484    7.614373757 -116.559660094
    0.431192522    7.267778961  -81.084020273
    0.434708561    7.033093604  -55.980715468
    0.438224599    6.842277517  -59.116796808
    0.441740637    6.587002440  -88.937872873
    0.445256675    6.207613586 -125.612924498
    0.448772713    5.727812149 -142.717372868
    0.452288752    5.243943248 -129.033690576
    0.455804790    4.848008955  -91.838067745
    0.459320828    4.604765034  -48.052875981
    0.462836866    4.500688809  -12.810228290
    0.466352904    4.486708997    2.004518366
    0.469868943    4.496195993   -0.694380337
    0.473384981    4.465207651  -19.141386290
    0.476901019    4.344450038  -49.818106365
    0.480417057    4.109768396  -78.827946324
    0.483933096    3.813215388  -84.097216382
    0.487449134    3.550758989  -60.844070706
    0.490965172    3.399532029  -24.149048742
    0.494481210    3.368116996    1.455715301
    0.497997248    3.370462742   -3.954941493
    0.501513287    3.313132509  -31.129640892
    0.505029325    3.150608586  -58.870568399
    0.508545363    2.928753503  -61.753089586
    0.512061401    2.750366018  -36.515821221
    0.515577439    2.683125544   -2.845399819
    0.519093478    2.714839580   17.251315824
    0.522609516    2.776457546   13.887732491
    0.526125554    2.790494588   -5.162152032
    0.529641592    2.746201258  -16.898719405
    0.533157631    2.688998928  -13.245610138
    0.536673669    2.662428073   -1.748309775
    0.540189707    2.680775368    9.672073481
    0.543705745    2.738278940   22.237056572
    0.547221783    2.841504401   37.943645085
    0.550737822    3.007041232   56.604410139
    0.554253860    3.228552806   67.190426285
    0.557769898    3.456053469   59.007238337
    0.561285936    3.630372801   37.936267863
    0.564801975    3.726052384   17.164795917
    0.568318013    3.775677793   15.501477597
    0.571834051    3.855849340   31.411621424
    0.575350089    4.001148562   50.121046206
    0.578866127    4.194040434   57.343053304
    0.582382166    4.390690259   51.190185505
    0.585898204    4.543707644   35.760754818
    0.589414242    4.637732297   16.583182430
    0.592930280    4.660413695   -4.075430346
    0.596446318    4.618181271  -17.506042912
    0.599962357    4.562935307   -8.992794843
    0.603478395    4.588109023   26.765268947
    0.606994433    4.769634391   78.532080555
    0.610510471    5.128702398  121.568643357
    0.614026510    5.588012021  136.377763301
    0.617542548    6.052886218  127.430666809
    0.621058586    6.487558483  120.848843596
    0.624574624    6.933591163  136.115067864
    0.628090662    7.466656532  170.385040082
    0.631606701    8.135475983  209.680825913
    0.635122739    8.923266205  238.925873509
    0.638638777    9.824854903  275.241851241
    0.642154815   10.866635817  318.566599575
    0.645670854   12.079960924  371.785307490
    0.649186892   13.472142419  417.874843835
    0.652702930   14.996507934  443.260996431
    0.656218968   16.554398817  441.341437776
    0.659735006   18.092293404  435.495398182
    0.663251045   19.644840990  451.922337276
    0.666767083   21.310366820  500.079826467
    0.670283121   23.175333557  561.318783935
    0.673799159   25.244895212  611.274117585
    0.677315197   27.439425129  634.192850930
    0.680831236   29.690149126  645.572911972
    0.684347274   31.998625422  674.121971530
    0.687863312   34.468597692  736.921155251
    0.691379350   37.199300230  815.279826112
    0.694895389   40.164117036  861.127174134
    0.698411427   43.168335930  834.865421823
    0.701927465   45.944868209  733.543446467
    0.705443503   48.271555308  587.112178918
    0.708959541   50.073346107  440.127397303
    0.712475580   51.393026783  316.150064939
    0.715991618   52.334451063  223.243270224
    0.719507656   52.996025828  156.025259058
    0.723023694   53.448519344  103.616960255
    0.726539732   53.731773969   61.381979173
    0.730055771   53.896621452   34.556158375
    0.733571809   53.985738592   17.035040338
    0.737087847   54.026439708    7.439126406
    0.740603885   54.043722502    2.959489078
    0.744119924   54.050214777    1.027368817
    0.747635962   54.050674767   -0.000000000
    0.751152000   54.050674767   -0.000000000
