#! FIELDS dist file.free der_dist
#! SET min_dist 0.199134
#! SET max_dist 0.751152
#! SET nbins_dist  158
#! SET periodic_dist false
    0.199134000   57.015958576   -0.417620903
    0.202650038   57.013290720   -1.225508894
    0.206166076   57.002423310   -6.042773819
    0.209682115   56.959236014  -21.209346771
    0.213198153   56.828598879  -57.688827364
    0.216714191   56.503175384 -135.642319164
    0.220230229   55.794398389 -281.749114999
    0.223746268   54.418034113 -517.803086318
    0.227262306   52.032330213 -855.983434919
    0.230778344   48.306700081 -1272.550117001
    0.234294382   43.072156601 -1698.939947374
    0.237810420   36.461807094 -2038.085517265
    0.241326459   28.967022793 -2186.899772004
    0.244842497   21.364683835 -2096.174330591
    0.248358535   14.489745307 -1783.162342901
    0.251874573    8.982797205 -1337.789891388
    0.255390611    5.095243332 -884.450330313
    0.258906650    2.664353035 -517.986053304
    0.262422688    1.302558092 -278.533594533
    0.265938726    0.576325048 -149.226179199
    0.269454764    0.183093123  -80.054255157
    0.272970803    0.000000000  -24.948793348
    0.276486841    0.010604548   31.367624034
    0.280002879    0.215354807   84.018991941
    0.283518917    0.593343827  129.390580517
    0.287034955    1.108314589  161.254927685
    0.290550994    1.718678289  185.913184964
    0.294067032    2.418599404  211.476205363
    0.297583070    3.197107042  230.079251697
    0.301099108    4.032886478  243.172445871
    0.304615146    4.888466650  241.378536229
    0.308131185    5.708568225  222.621664466
    0.311647223    6.448048815  199.820165109
    0.315163261    7.117682491  184.549175380
    0.318679299    7.771656125  191.647532193
    0.322195338    8.477959458  210.923004310
    0.325711376    9.244415523  222.466871841
    0.329227414   10.008646902  210.336892540
    0.332743452   10.693886484  174.903668279
    0.336259490   11.233362314  133.066978430
    0.339775529   11.652505150  109.316880110
    0.343291567   12.022728028  104.661494795
    0.346807605   12.390676505  103.888831425
    0.350323643   12.738538933   90.105010391
    0.353839682   13.000830090   55.566556176
    0.357355720   13.110908276    4.551275398
    0.360871758   13.038704291  -44.980914028
    0.364387796   12.817557330  -77.763454998
    0.367903834   12.527023205  -82.286804441
    0.371419873   12.268418920  -61.389197484
    0.374935911   12.108093940  -29.957808564
    0.378451949   12.037027152  -14.091073650
    0.381967987   11.980913466  -23.843213540
    0.385484025   11.835523630  -61.306143531
    0.389000064   11.550909581  -99.565820745
    0.392516102   11.152421565 -121.444780238
    0.396032140   10.723759005 -117.651462894
    0.399548178   10.348756813  -94.878609180
    0.403064217   10.063129366  -69.262211503
    0.406580255    9.851467996  -54.192923260
    0.410096293    9.656852830  -59.421320611
    0.413612331    9.404429345  -86.490896484
    0.417128369    9.032111488 -126.642684400
    0.420644408    8.519296293 -162.952668092
    0.424160446    7.918267171 -174.773263138
    0.427676484    7.330215420 -154.546695416
    0.431192522    6.855689633 -114.081851588
    0.434708561    6.526572105  -75.575207700
    0.438224599    6.298647140  -60.276077027
    0.441740637    6.071715153  -72.347068224
    0.445256675    5.774257104  -97.055625193
    0.448772713    5.402361707 -111.629895146
    0.452288752    5.016939250 -105.775511211
    0.455804790    4.677554826  -83.703783432
    0.459320828    4.433460787  -56.285539543
    0.462836866    4.278481499  -32.120015709
    0.466352904    4.191142248  -18.651059925
    0.469868943    4.140299380  -13.129713175
    0.473384981    4.087972721  -18.388707926
    0.476901019    3.992461720  -36.751678365
    0.480417057    3.819054473  -57.972809725
    0.483933096    3.601137035  -61.078217094
    0.487449134    3.417083898  -39.869173633
    0.490965172    3.331812112   -7.723345847
    0.494481210    3.349049510   12.704400036
    0.497997248    3.382337293    2.542140789
    0.501513287    3.340855078  -28.391626633
    0.505029325    3.182437360  -59.241001044
    0.508545363    2.954757980  -64.794969919
    0.512061401    2.759444420  -43.399632002
    0.515577439    2.660407778  -14.156940915
    0.519093478    2.645580777    2.417397483
    0.522609516    2.653789153   -1.009070130
    0.526125554    2.620615499  -16.600804612
    0.529641592    2.544948691  -23.327230686
    0.533157631    2.471134064  -16.964896351
    0.536673669    2.429357126   -7.499462511
    0.540189707    2.418268166   -1.774506538
    0.543705745    2.424081110    4.589014757
    0.547221783    2.459179179   17.689167802
    0.550737822    2.556647936   39.051632851
    0.554253860    2.727392053   56.446640718
    0.557769898    2.932546115   57.057110347
    0.561285936    3.114132377   43.822545370
    0.564801975    3.240266113   28.074501292
    0.568318013    3.332579113   28.206616626
    0.571834051    3.455628995   42.609043980
    0.575350089    3.634268633   57.733623886
    0.578866127    3.847251065   61.339049390
    0.582382166    4.053788209   53.214458099
    0.585898204    4.213933766   37.954255421
    0.589414242    4.316401501   18.925648124
    0.592930280    4.343511775   -4.658908484
    0.596446318    4.287280752  -25.612007015
    0.599962357    4.186005881  -27.175194998
    0.603478395    4.130794969   -0.241521235
    0.606994433    4.209571499   48.156587869
    0.610510471    4.466099408   94.655030615
    0.614026510    4.844572621  117.903484572
    0.617542548    5.262876242  119.557945593
    0.621058586    5.688242137  123.273708136
    0.624574624    6.158794035  147.584049045
    0.628090662    6.747020978  190.035852952
    0.631606701    7.497340759  236.197009774
    0.635122739    8.385706273  269.153561174
    0.638638777    9.395547108  305.795052529
    0.642154815   10.540349977  346.279594281
    0.645670854   11.842866433  394.754424312
    0.649186892   13.306763902  435.613595308
    0.652702930   14.882700423  454.957124067
    0.656218968   16.471598735  447.207607451
    0.659735006   18.020392018  436.108559098
    0.663251045   19.568193291  448.979551501
    0.666767083   21.221789812  496.495258405
    0.670283121   23.074673148  558.222348945
    0.673799159   25.133722645  607.890215498
    0.677315197   27.310793485  626.956213010
    0.680831236   29.524143002  631.266228902
    0.684347274   31.770543431  653.849222650
    0.687863312   34.169402746  718.715681414
    0.691379350   36.860113774  813.383654083
    0.694895389   39.871628644  892.234251661
    0.698411427   43.062107043  910.861019204
    0.701927465   46.187111210  854.655908642
    0.705443503   48.999667853  739.030519230
    0.708959541   51.355329507  598.863792780
    0.712475580   53.208950444  457.688582479
    0.715991618   54.593182585  332.044554885
    0.719507656   55.573200670  228.579546945
    0.723023694   56.224271657  145.596160836
    0.726539732   56.616205912   82.553673674
    0.730055771   56.832433807   43.909520090
    0.733571809   56.942856842   20.479624885
    0.737087847   56.990794028    8.313589832
    0.740603885   57.009006412    2.959489078
    0.744119924   57.015498686    1.027368817
    0.747635962   57.015958676   -0.000000000
    0.751152000   57.015958676   -0.000000000
