#! FIELDS dist file.free der_dist
#! SET min_dist 0.199134
#! SET max_dist 0.751152
#! SET nbins_dist  158
#! SET periodic_dist false
    0.199134000   37.840404935   -0.000000000
    0.202650038   37.840404935   -0.000000000
    0.206166076   37.840404935   -0.000000000
    0.209682115   37.838572754   -1.434490901
    0.213198153   37.828213936   -5.109565597
    0.216714191   37.791192524  -17.763660342
    0.220230229   37.680762634  -50.028726782
    0.223746268   37.404189833 -113.968980433
    0.227262306   36.818449675 -230.063219689
    0.230778344   35.706910982 -415.003052209
    0.234294382   33.817582609 -670.226899465
    0.237810420   30.937084533 -972.922859080
    0.241326459   26.992464804 -1262.301804791
    0.244842497   22.158457119 -1466.017488117
    0.248358535   16.865316651 -1515.381947836
    0.251874573   11.711010649 -1388.698771229
    0.255390611    7.266440193 -1124.811126341
    0.258906650    3.881457308 -796.442835555
    0.262422688    1.651313841 -479.877751623
    0.265938726    0.437259373 -222.849421296
    0.269454764    0.000000000  -37.488375873
    0.272970803    0.102861917   85.502582679
    0.276486841    0.538206214  153.957529688
    0.280002879    1.131784346  177.518865762
    0.283518917    1.753574313  173.480463641
    0.287034955    2.342047708  160.962807613
    0.290550994    2.901980289  161.728992515
    0.294067032    3.511061916  188.399824734
    0.297583070    4.243165795  228.798305421
    0.301099108    5.124412732  270.172402509
    0.304615146    6.119641466  291.967697540
    0.308131185    7.141724575  284.193755223
    0.311647223    8.094897460  257.436948808
    0.315163261    8.944086309  227.774179076
    0.318679299    9.714648034  213.992487788
    0.322195338   10.460269929  210.727261962
    0.325711376   11.186177743  198.978852933
    0.329227414   11.829591737  165.342796329
    0.332743452   12.328745644  116.086471379
    0.336259490   12.667110957   81.085744385
    0.339775529   12.952044100   89.332856984
    0.343291567   13.341828726  137.919645514
    0.346807605   13.926398311  192.293307646
    0.350323643   14.653519918  211.923736861
    0.353839682   15.346738217  171.906613605
    0.357355720   15.802198122   79.401781612
    0.360871758   15.890764248  -29.724547511
    0.364387796   15.624264054 -115.627094224
    0.367903834   15.145376785 -145.856006555
    0.371419873   14.668102590 -116.597495728
    0.374935911   14.369331167  -50.614633473
    0.378451949   14.299983128    6.183173963
    0.381967987   14.366238293   22.063324693
    0.385484025   14.393945361  -12.512631466
    0.389000064   14.254937111  -67.357033629
    0.392516102   13.933117410 -110.124556147
    0.396032140   13.515165411 -122.040954057
    0.399548178   13.105233263 -109.742696039
    0.403064217   12.750077685  -94.643080794
    0.406580255   12.424794193  -93.835284577
    0.410096293   12.065604673 -112.176812551
    0.413612331   11.617794961 -142.715381601
    0.417128369   11.063549451 -171.038766457
    0.420644408   10.436717660 -181.857957849
    0.424160446    9.819157806 -165.893024974
    0.427676484    9.300765848 -126.046308229
    0.431192522    8.934406637  -84.494619069
    0.434708561    8.687013677  -60.883978470
    0.438224599    8.471560458  -67.344329686
    0.441740637    8.187359402  -95.203364454
    0.445256675    7.803803225 -119.980283472
    0.448772713    7.372183973 -120.965964647
    0.452288752    6.985910814  -96.322973132
    0.455804790    6.706663463  -60.115855519
    0.459320828    6.556783467  -27.964654329
    0.462836866    6.497395322   -8.029780589
    0.466352904    6.473257037   -7.945196608
    0.469868943    6.427972468  -21.425222738
    0.473384981    6.311320936  -46.642721299
    0.476901019    6.088918811  -78.873704659
    0.480417057    5.759163535 -102.773926010
    0.483933096    5.398437239  -96.282489208
    0.487449134    5.115166148  -60.467637307
    0.490965172    4.980084257  -17.122419593
    0.494481210    4.967386156    2.975094382
    0.497997248    4.950107816  -17.983747932
    0.501513287    4.808687815  -63.970733819
    0.505029325    4.510241289 -101.088068943
    0.508545363    4.146510760  -97.612193104
    0.512061401    3.873404410  -52.793104045
    0.515577439    3.790115518    4.163368519
    0.519093478    3.877392618   40.002651215
    0.522609516    4.029871341   41.424888006
    0.526125554    4.138491265   20.832242798
    0.529641592    4.184043335    8.866455819
    0.533157631    4.224276414   16.819947010
    0.536673669    4.316932708   35.943125797
    0.540189707    4.477023817   51.205918248
    0.543705745    4.674201100   58.614408479
    0.547221783    4.883580522   60.509237248
    0.550737822    5.094359577   59.338326413
    0.554253860    5.289647470   49.924257865
    0.557769898    5.427006562   26.467089505
    0.561285936    5.471727454   -1.425863208
    0.564801975    5.434074169  -17.413706668
    0.568318013    5.385381642   -4.280577302
    0.571834051    5.432477792   32.767677531
    0.575350089    5.614791792   68.344622417
    0.578866127    5.882759461   78.911623951
    0.582382166    6.134402897   58.541484958
    0.585898204    6.272183346   19.225342771
    0.589414242    6.270027164  -19.516072997
    0.592930280    6.158278640  -40.226870443
    0.596446318    6.021971785  -32.120065434
    0.599962357    5.969054183    7.233112059
    0.603478395    6.096267186   65.926974686
    0.606994433    6.432083581  122.985541415
    0.610510471    6.927549867  152.288547736
    0.614026510    7.456420840  145.089224415
    0.617542548    7.916999247  117.491884728
    0.621058586    8.297361636  101.657692657
    0.624574624    8.671396419  115.284893851
    0.628090662    9.133745587  150.848880080
    0.631606701    9.738562736  192.365290315
    0.635122739   10.470453251  223.872793769
    0.638638777   11.322897064  262.849501006
    0.642154815   12.336550185  315.442967295
    0.645670854   13.557257091  380.659578340
    0.649186892   15.004075825  440.126159899
    0.652702930   16.631944278  481.098094408
    0.656218968   18.364557451  502.750902698
    0.659735006   20.161438279  521.535508126
    0.663251045   22.058806059  561.638362550
    0.666767083   24.133736510  619.152190896
    0.670283121   26.392308805  660.431455670
    0.673799159   28.720538814  652.543625093
    0.677315197   30.903559111  578.603528094
    0.680831236   32.730693213  454.333246635
    0.684347274   34.081411154  317.275199010
    0.687863312   34.989614089  207.373987388
    0.691379350   35.594616335  144.800198545
    0.694895389   36.053950880  120.955628077
    0.698411427   36.464663059  114.391122561
    0.701927465   36.856290703  106.690078167
    0.705443503   37.199738734   87.654897054
    0.708959541   37.467018894   63.752885878
    0.712475580   37.647349090   39.550872467
    0.715991618   37.752708529   21.471011200
    0.719507656   37.806290321   10.073802977
    0.723023694   37.829940721    4.107096031
    0.726539732   37.839040949    1.460374057
    0.730055771   37.840404935   -0.000000000
    0.733571809   37.840404935   -0.000000000
    0.737087847   37.840404935   -0.000000000
    0.740603885   37.840404935   -0.000000000
    0.744119924   37.840404935   -0.000000000
    0.747635962   37.840404935   -0.000000000
    0.751152000   37.840404935   -0.000000000
