#! FIELDS dist file.free der_dist
#! SET min_dist 0.199134
#! SET max_dist 0.751152
#! SET nbins_dist  158
#! SET periodic_dist false
    0.199134000   49.427334215   -0.000000000
    0.202650038   49.427334215   -0.000000000
    0.206166076   49.424011852   -2.372341635
    0.209682115   49.404818745  -10.342885037
    0.213198153   49.335012025  -32.159810977
    0.216714191   49.143898866  -82.438833011
    0.220230229   48.696077993 -183.506455487
    0.223746268   47.772606570 -355.361823850
    0.227262306   46.093979773 -614.622304751
    0.230778344   43.359355994 -951.886195642
    0.234294382   39.361502049 -1322.157250435
    0.237810420   34.108178878 -1652.707702328
    0.241326459   27.894131566 -1854.138579555
    0.244842497   21.287516308 -1869.431764828
    0.248358535   14.983430508 -1685.663417898
    0.251874573    9.611568593 -1352.352570672
    0.255390611    5.543500912 -962.963861272
    0.258906650    2.807876381 -604.097064350
    0.262422688    1.194087411 -331.013522616
    0.265938726    0.368572258 -153.334797735
    0.269454764    0.032746620  -46.649919138
    0.272970803    0.000000000   22.642793919
    0.276486841    0.167075379   69.658597466
    0.280002879    0.470729609  100.596791780
    0.283518917    0.864236771  122.447003187
    0.287034955    1.323108092  137.657020404
    0.290550994    1.835384951  155.218466933
    0.294067032    2.427604460  182.275469574
    0.297583070    3.117597078  210.141810664
    0.301099108    3.910342512  239.971720721
    0.304615146    4.793443738  260.889185561
    0.308131185    5.724734149  265.639290910
    0.311647223    6.645747351  257.641135416
    0.315163261    7.521373108  240.777619716
    0.318679299    8.343350627  228.306677142
    0.322195338    9.126598297  216.835609927
    0.325711376    9.855591303  195.941591952
    0.329227414   10.481741772  160.290838278
    0.332743452   10.969500076  115.154078122
    0.336259490   11.306152492   80.006193901
    0.339775529   11.572705231   77.921368265
    0.343291567   11.888673056  106.298881479
    0.346807605   12.323752222  139.672862423
    0.350323643   12.842828876  148.800289038
    0.353839682   13.322615504  116.940875637
    0.357355720   13.620785132   47.314126351
    0.360871758   13.648147355  -31.872330406
    0.364387796   13.422834847  -91.516517516
    0.367903834   13.056866687 -108.464193132
    0.371419873   12.709857130  -82.968217584
    0.374935911   12.498116611  -36.738419429
    0.378451949   12.431699645   -5.353308013
    0.381967987   12.425852614   -4.960061421
    0.385484025   12.357655297  -36.960852289
    0.389000064   12.164513536  -71.980584244
    0.392516102   11.867648072  -91.615905396
    0.396032140   11.543570493  -88.900420483
    0.399548178   11.256137820  -75.363386788
    0.403064217   11.007081304  -69.834884668
    0.406580255   10.746450754  -81.664917429
    0.410096293   10.411570104 -110.253697543
    0.413612331    9.959878036 -146.304300723
    0.417128369    9.389129514 -176.493142613
    0.420644408    8.742311737 -187.533009240
    0.424160446    8.108861242 -169.053602267
    0.427676484    7.582340451 -127.494657019
    0.431192522    7.214839433  -83.574724594
    0.434708561    6.972980680  -58.766772722
    0.438224599    6.766081013  -65.617085840
    0.441740637    6.485038647  -96.058585130
    0.445256675    6.088898994 -126.941714674
    0.448772713    5.621379315 -134.067141550
    0.452288752    5.184859309 -111.254650688
    0.455804790    4.859800073  -70.403562907
    0.459320828    4.690340013  -28.335902931
    0.462836866    4.648004036    2.505838059
    0.466352904    4.680678570   13.691632978
    0.469868943    4.728906528   10.082743341
    0.473384981    4.737356568   -7.325562285
    0.476901019    4.659974626  -36.911297755
    0.480417057    4.471953045  -65.355568692
    0.483933096    4.223222762  -70.423040845
    0.487449134    4.008978175  -47.033074531
    0.490965172    3.905113905  -11.401450418
    0.494481210    3.912640335   10.107260697
    0.497997248    3.931636263   -3.774793607
    0.501513287    3.854276393  -42.927645083
    0.505029325    3.629808779  -81.824719531
    0.508545363    3.315360905  -90.366833831
    0.512061401    3.038081367  -62.992468840
    0.515577439    2.891157720  -20.965674319
    0.519093478    2.878030178    9.961424124
    0.522609516    2.932513686   16.923761345
    0.526125554    2.971536017    5.667901508
    0.529641592    2.976434927   -0.130122168
    0.533157631    2.985738131    7.430198572
    0.536673669    3.035435852   20.616790121
    0.540189707    3.132447479   31.676403550
    0.543705745    3.262848709   41.388665327
    0.547221783    3.424846458   51.864910278
    0.550737822    3.628075538   63.971406164
    0.554253860    3.862513104   67.277788620
    0.557769898    4.080093997   53.833681120
    0.561285936    4.233939305   32.511710821
    0.564801975    4.319560575   17.957667431
    0.568318013    4.390192246   27.184536699
    0.571834051    4.530660374   53.316531628
    0.575350089    4.760500940   74.458975498
    0.578866127    5.025316872   71.670525751
    0.582382166    5.235918665   42.986577996
    0.585898204    5.310590420   -1.050075157
    0.589414242    5.228604259  -45.282459048
    0.592930280    5.007574190  -78.019255382
    0.596446318    4.710777890  -85.488025020
    0.599962357    4.450861736  -55.179069861
    0.603478395    4.366248385   11.105318530
    0.606994433    4.547539505   93.044119850
    0.610510471    4.999051154  157.999412670
    0.614026510    5.605980412  182.032614720
    0.617542548    6.229418796  170.019718435
    0.621058586    6.796641882  152.731647475
    0.624574624    7.331397368  154.731776431
    0.628090662    7.912321235  179.775835614
    0.631606701    8.608033862  216.477857391
    0.635122739    9.425197430  248.947735965
    0.638638777   10.369236035  289.173554701
    0.642154815   11.462327067  333.193199683
    0.645670854   12.722011640  383.445348861
    0.649186892   14.148817249  426.303649027
    0.652702930   15.703161617  452.747995862
    0.656218968   17.306742458  458.743287258
    0.659735006   18.925746667  463.885124989
    0.663251045   20.591011499  486.634932849
    0.666767083   22.374638095  529.614831108
    0.670283121   24.310407162  569.746939202
    0.673799159   26.355412121  587.782857925
    0.677315197   28.413381326  580.020974959
    0.680831236   30.432595899  570.492614911
    0.684347274   32.461011688  592.335093800
    0.687863312   34.647566089  658.183331493
    0.691379350   37.108757467  739.928528287
    0.694895389   39.802210757  780.283555640
    0.698411427   42.496736289  737.848683162
    0.701927465   44.892416688  613.230525688
    0.705443503   46.755283636  443.839669736
    0.708959541   48.022326771  281.028155306
    0.712475580   48.772911948  154.140771153
    0.715991618   49.161423728   73.695602795
    0.719507656   49.337966777   31.515433768
    0.723023694   49.408871131   11.509265196
    0.726539732   49.425970229    1.460374057
    0.730055771   49.427334215   -0.000000000
    0.733571809   49.427334215   -0.000000000
    0.737087847   49.427334215   -0.000000000
    0.740603885   49.427334215   -0.000000000
    0.744119924   49.427334215   -0.000000000
    0.747635962   49.427334215   -0.000000000
    0.751152000   49.427334215   -0.000000000
