#! FIELDS dist file.free der_dist
#! SET min_dist 0.199134
#! SET max_dist 0.751152
#! SET nbins_dist  158
#! SET periodic_dist false
    0.199134000   53.130297085   -0.417620903
    0.202650038   53.127629229   -1.225508894
    0.206166076   53.117011189   -5.695149968
    0.209682115   53.077836135  -18.925824929
    0.213198153   52.961922054  -50.838791819
    0.216714191   52.677359763 -118.179790437
    0.220230229   52.062371344 -244.074669552
    0.223746268   50.872370536 -447.191012430
    0.227262306   48.812020068 -739.761432999
    0.230778344   45.585066689 -1105.215864027
    0.234294382   41.018033705 -1489.556769346
    0.237810420   35.182090782 -1812.640017957
    0.241326459   28.453811326 -1982.855538936
    0.244842497   21.477759789 -1948.796175131
    0.248358535   14.990459082 -1711.191160938
    0.251874573    9.607850186 -1336.278546215
    0.255390611    5.635002728 -929.327775112
    0.258906650    3.010556275 -578.111028469
    0.262422688    1.449793609 -328.196581487
    0.265938726    0.589365047 -174.855364266
    0.269454764    0.151056735  -80.800878710
    0.272970803    0.000000000   -7.381630335
    0.276486841    0.091021958   58.148007073
    0.280002879    0.395265420  112.832927296
    0.283518917    0.869781265  154.977460180
    0.287034955    1.465557407  181.076903612
    0.290550994    2.132649089  198.124977560
    0.294067032    2.861039042  215.606805093
    0.297583070    3.642665314  228.241011018
    0.301099108    4.468184791  240.170241389
    0.304615146    5.319581331  242.807588649
    0.308131185    6.158020321  231.684217163
    0.311647223    6.939226744  213.343500874
    0.315163261    7.651836372  193.702415514
    0.318679299    8.314426870  185.932043003
    0.322195338    8.964818182  184.348060806
    0.325711376    9.601584282  176.091700824
    0.329227414   10.178222309  151.636693068
    0.332743452   10.650850589  114.387173398
    0.336259490   10.990120283   81.338870297
    0.339775529   11.256411187   75.417474868
    0.343291567   11.550487513   96.120116874
    0.346807605   11.938226408  123.794087660
    0.350323643   12.402497576  135.250885155
    0.353839682   12.853538885  115.466944556
    0.357355720   13.177399952   63.499255853
    0.360871758   13.288009947   -2.112723661
    0.364387796   13.174510850  -60.162529342
    0.367903834   12.899847207  -90.153527127
    0.371419873   12.579303429  -87.028023334
    0.374935911   12.313039649  -62.721362886
    0.378451949   12.128659182  -44.532836950
    0.381967987   11.977926986  -46.771129528
    0.385484025   11.766893153  -75.928583763
    0.389000064   11.441795062 -108.508788482
    0.392516102   11.016314141 -128.677394309
    0.396032140   10.559223419 -127.397553209
    0.399548178   10.139107315 -111.094579185
    0.403064217    9.782170730  -93.769960602
    0.406580255    9.472026621  -84.869820867
    0.410096293    9.168145357  -89.637932921
    0.413612331    8.824050676 -107.048253257
    0.417128369    8.407721529 -130.074131383
    0.420644408    7.918130708 -146.401925000
    0.424160446    7.406769908 -141.387709117
    0.427676484    6.953679740 -112.694102722
    0.431192522    6.626219544  -74.057172988
    0.434708561    6.421833647  -45.788855317
    0.438224599    6.271939352  -46.101056913
    0.441740637    6.066336826  -73.910159504
    0.445256675    5.740828036 -110.350800808
    0.448772713    5.311766995 -129.516406998
    0.452288752    4.868050759 -119.638072859
    0.455804790    4.497527024  -86.738750624
    0.459320828    4.266219652  -46.037251308
    0.462836866    4.166801030  -11.790106417
    0.466352904    4.157530898    3.926992848
    0.469868943    4.177275944    3.234718349
    0.473384981    4.163477496  -13.418143842
    0.476901019    4.064827925  -43.112618840
    0.480417057    3.854422739  -71.800209582
    0.483933096    3.583100232  -76.733269349
    0.487449134    3.347222963  -52.997458725
    0.490965172    3.224032157  -16.118053685
    0.494481210    3.219580511    8.460761716
    0.497997248    3.241795228    0.012474343
    0.501513287    3.190731923  -31.656002733
    0.505029325    3.018488446  -63.614413066
    0.508545363    2.776129843  -68.077444396
    0.512061401    2.577919317  -40.901423989
    0.515577439    2.502922527   -2.660537309
    0.519093478    2.544370584   22.461631985
    0.522609516    2.631393630   22.821739969
    0.526125554    2.680478929    5.540947714
    0.529641592    2.675155640   -5.616899209
    0.533157631    2.657676074   -2.032909222
    0.536673669    2.669476621    8.730850544
    0.540189707    2.722388686   18.602788814
    0.543705745    2.806685640   28.365513568
    0.547221783    2.925500888   40.559577473
    0.550737822    3.093640302   55.507333181
    0.554253860    3.305479732   62.874005298
    0.557769898    3.513479554   52.435629720
    0.561285936    3.662824722   30.614372932
    0.564801975    3.734122737   10.953514309
    0.568318013    3.766202735   11.936985812
    0.571834051    3.839821307   31.201569862
    0.575350089    3.989388553   52.561463161
    0.578866127    4.193560355   61.006793563
    0.582382166    4.403183623   54.641825091
    0.585898204    4.567040801   38.327647301
    0.589414242    4.668912638   18.585567667
    0.592930280    4.699368942   -1.359874010
    0.596446318    4.670667977  -12.154548699
    0.599962357    4.642052638    1.129652978
    0.603478395    4.713587704   43.144483428
    0.606994433    4.963795956  100.866377855
    0.610510471    5.407625514  146.647540981
    0.614026510    5.951551549  158.371232631
    0.617542548    6.478799326  139.891049968
    0.621058586    6.934615675  120.108276699
    0.624574624    7.355690636  123.235104895
    0.628090662    7.830129905  151.203616582
    0.631606701    8.432621510  192.462134857
    0.635122739    9.174193909  230.517537148
    0.638638777   10.064679617  277.234027693
    0.642154815   11.126680136  326.976731781
    0.645670854   12.370025293  379.270315712
    0.649186892   13.776234268  417.428602076
    0.652702930   15.281062228  432.501969379
    0.656218968   16.787199996  423.676952333
    0.659735006   18.264454172  420.067605016
    0.663251045   19.780539595  448.076332076
    0.666767083   21.462161624  513.540180422
    0.670283121   23.404011188  590.710756288
    0.673799159   25.592906186  647.789836789
    0.677315197   27.908734433  664.210071068
    0.680831236   30.233578635  655.810613852
    0.684347274   32.530409374  656.634987204
    0.687863312   34.888993044  691.728077572
    0.691379350   37.422905956  750.263342787
    0.694895389   40.141363104  788.106912804
    0.698411427   42.892554325  765.747258506
    0.701927465   45.446057427  676.801616494
    0.705443503   47.601084007  546.270037500
    0.708959541   49.286105820  414.122898034
    0.712475580   50.535775113  301.569283140
    0.715991618   51.440086937  216.247122881
    0.719507656   52.084899193  153.010181392
    0.723023694   52.530805167  102.517664297
    0.726539732   52.811639663   60.997087445
    0.730055771   52.976243871   34.556158375
    0.733571809   53.065361010   17.035040338
    0.737087847   53.106062127    7.439126406
    0.740603885   53.123344921    2.959489078
    0.744119924   53.129837195    1.027368817
    0.747635962   53.130297185   -0.000000000
    0.751152000   53.130297185   -0.000000000
