#! FIELDS dist file.free der_dist
#! SET min_dist 0.199134
#! SET max_dist 0.751152
#! SET nbins_dist  158
#! SET periodic_dist false
    0.199134000   54.787620238   -0.417620903
    0.202650038   54.784952383   -1.225508894
    0.206166076   54.774334343   -5.695149968
    0.209682115   54.734853113  -19.129845780
    0.213198153   54.617246915  -51.757597182
    0.216714191   54.326678169 -120.879967411
    0.220230229   53.695661192 -250.836991982
    0.223746268   52.470009567 -461.354321916
    0.227262306   50.340111448 -765.956768330
    0.230778344   46.993345955 -1147.767168722
    0.234294382   42.244516292 -1550.379340522
    0.237810420   36.165864529 -1888.925899110
    0.241326459   29.154089920 -2065.969853450
    0.244842497   21.891601153 -2026.461692548
    0.248358535   15.158845053 -1771.520426323
    0.251874573    9.605248710 -1372.704948383
    0.255390611    5.546336200 -942.620383949
    0.258906650    2.906527142 -575.014349920
    0.262422688    1.372291180 -317.665577942
    0.265938726    0.550023279 -164.643880020
    0.269454764    0.140498373  -75.030236953
    0.272970803    0.000000000   -7.169189868
    0.276486841    0.083153029   53.677041040
    0.280002879    0.366126785  105.563850213
    0.283518917    0.814347037  147.718288998
    0.287034955    1.389137277  176.970164876
    0.290550994    2.051238235  199.791466395
    0.294067032    2.797052270  223.685955030
    0.297583070    3.614580054  239.897119928
    0.301099108    4.480233691  250.365766657
    0.304615146    5.357827097  246.981703433
    0.308131185    6.198223475  228.939263304
    0.311647223    6.963589877  208.228944404
    0.315163261    7.665146941  193.880962494
    0.318679299    8.348160854  198.173408560
    0.322195338    9.065979919  210.166699217
    0.325711376    9.811753424  211.077459873
    0.329227414   10.516257065  187.984348611
    0.332743452   11.107113431  144.139793185
    0.336259490   11.530662398   99.045125148
    0.339775529   11.835316425   79.538312126
    0.343291567   12.122082043   88.340719809
    0.346807605   12.468224285  108.955493163
    0.350323643   12.878124401  120.451251084
    0.353839682   13.288570336  108.251321319
    0.357355720   13.607994781   68.617023011
    0.360871758   13.758671948   15.035075340
    0.364387796   13.718834685  -36.682749829
    0.367903834   13.525700575  -68.598427487
    0.371419873   13.267188166  -74.148746171
    0.374935911   13.027888424  -60.069322991
    0.378451949   12.838895482  -48.951683876
    0.381967987   12.668236072  -52.803533718
    0.385484025   12.440092460  -79.125694887
    0.389000064   12.111473416 -107.324823965
    0.392516102   11.696914642 -123.861007156
    0.396032140   11.261619338 -119.757380925
    0.399548178   10.874278281  -99.874140964
    0.403064217   10.564838967  -77.754841944
    0.406580255   10.320068561  -63.905223248
    0.410096293   10.094786386  -66.694050130
    0.413612331    9.826599982  -87.902342667
    0.417128369    9.461802625 -120.787682487
    0.420644408    8.981307606 -150.766785501
    0.424160446    8.430511155 -159.037402170
    0.427676484    7.897827524 -139.470054174
    0.431192522    7.468289878 -104.372710700
    0.434708561    7.158540278  -74.726397471
    0.438224599    6.914116938  -70.678894306
    0.441740637    6.631359957  -93.239496558
    0.445256675    6.248202376 -123.784163047
    0.448772713    5.782500987 -136.913441465
    0.452288752    5.322478053 -121.732668491
    0.455804790    4.950874375  -85.750380717
    0.459320828    4.723074033  -45.719251728
    0.462836866    4.618352149  -15.612297107
    0.466352904    4.585736017   -5.505983156
    0.469868943    4.563911250  -10.441731745
    0.473384981    4.499876190  -27.582850513
    0.476901019    4.356665129  -53.757739978
    0.480417057    4.118619324  -76.744504123
    0.483933096    3.839689908  -76.387109505
    0.487449134    3.611479287  -49.445054369
    0.490965172    3.503215819  -11.501278498
    0.494481210    3.515528891   13.418928200
    0.497997248    3.557090024    6.294966832
    0.501513287    3.532696490  -22.587038921
    0.505029325    3.397964589  -51.507915374
    0.508545363    3.200591445  -55.199115226
    0.512061401    3.043641712  -30.979853710
    0.515577439    2.993712197    1.379584297
    0.519093478    3.037757489   20.034306314
    0.522609516    3.107171185   15.615282701
    0.526125554    3.126284475   -3.942034437
    0.529641592    3.085636495  -16.117638520
    0.533157631    3.029399775  -13.675415251
    0.536673669    2.997438981   -4.532486492
    0.540189707    3.001028859    4.115175056
    0.543705745    3.035405729   14.948510669
    0.547221783    3.113527030   31.434898162
    0.550737822    3.261591182   53.525554981
    0.554253860    3.480302714   68.756946999
    0.557769898    3.720753287   64.498881859
    0.561285936    3.917914861   45.008489819
    0.564801975    4.037438739   23.312439283
    0.568318013    4.104800427   19.307280954
    0.571834051    4.194101142   32.911234314
    0.575350089    4.342247665   50.518853309
    0.578866127    4.536844640   58.192436282
    0.582382166    4.739118352   53.653129014
    0.585898204    4.904259257   40.121979232
    0.589414242    5.015449829   21.698218581
    0.592930280    5.054254452   -0.438120211
    0.596446318    5.018813999  -17.638385200
    0.599962357    4.954606054  -13.987782874
    0.603478395    4.954499494   17.638342622
    0.606994433    5.099836484   67.466324557
    0.610510471    5.420507256  111.138727994
    0.614026510    5.846978401  128.262903651
    0.617542548    6.288221376  122.047401135
    0.621058586    6.708247591  117.786138592
    0.624574624    7.146799628  134.910298854
    0.628090662    7.679040181  171.079633533
    0.631606701    8.354006422  212.518764126
    0.635122739    9.155552925  243.863236362
    0.638638777   10.077471947  281.761954555
    0.642154815   11.143919164  325.977352265
    0.645670854   12.384136007  379.658472108
    0.649186892   13.804780419  426.258720939
    0.652702930   15.359715973  452.299850076
    0.656218968   16.951196411  451.224346148
    0.659735006   18.524705137  445.632290401
    0.663251045   20.110201570  459.988820256
    0.666767083   21.794964437  502.223160127
    0.670283121   23.650871476  553.417430015
    0.673799159   25.671322997  591.172758232
    0.677315197   27.776392444  604.212116423
    0.680831236   29.914964809  613.365664469
    0.684347274   32.121894870  650.355893514
    0.687863312   34.537326897  730.773258545
    0.691379350   37.283358654  830.048968850
    0.694895389   40.331651197  892.619570454
    0.698411427   43.463072636  874.028783935
    0.701927465   46.376348009  770.828732695
    0.705443503   48.821164408  616.365386775
    0.708959541   50.708523146  459.582783472
    0.712475580   52.081262428  327.283787280
    0.715991618   53.051165008  228.772088044
    0.719507656   53.726057113  158.419902512
    0.723023694   54.183774091  104.396317582
    0.726539732   54.468719541   61.381979173
    0.730055771   54.633567025   34.556158375
    0.733571809   54.722684164   17.035040338
    0.737087847   54.763385281    7.439126406
    0.740603885   54.780668074    2.959489078
    0.744119924   54.787160349    1.027368817
    0.747635962   54.787620339   -0.000000000
    0.751152000   54.787620339   -0.000000000
