#! FIELDS dist file.free der_dist
#! SET min_dist 0.199134
#! SET max_dist 0.751152
#! SET nbins_dist  158
#! SET periodic_dist false
    0.199134000   44.629337340   -0.000000000
    0.202650038   44.629337340   -0.000000000
    0.206166076   44.627358843   -1.406322976
    0.209682115   44.615273167   -6.885203232
    0.213198153   44.569216298  -21.385310653
    0.216714191   44.438850061  -57.084336569
    0.220230229   44.122125839 -132.067213530
    0.223746268   43.445816485 -263.736666626
    0.227262306   42.177832844 -471.396856194
    0.230778344   40.040365603 -756.633215309
    0.234294382   36.797524272 -1092.494944735
    0.237810420   32.363065152 -1423.388037216
    0.241326459   26.894262351 -1665.804927426
    0.244842497   20.832873774 -1750.535012592
    0.248358535   14.815945286 -1639.272466355
    0.251874573    9.510058502 -1355.815558735
    0.255390611    5.392436038 -982.067896932
    0.258906650    2.604298505 -611.606532650
    0.262422688    1.000548453 -317.944144210
    0.265938726    0.247134500 -127.671761730
    0.269454764    0.000000000  -24.635293945
    0.272970803    0.016577837   27.060287728
    0.276486841    0.160357198   51.958804715
    0.280002879    0.369541403   65.989049238
    0.283518917    0.629850071   83.800679821
    0.287034955    0.967096170  109.448863456
    0.290550994    1.416093987  148.710743605
    0.294067032    2.029550225  200.871881330
    0.297583070    2.823191903  248.682479559
    0.301099108    3.769821621  286.555469997
    0.304615146    4.811326112  302.326905185
    0.308131185    5.864770332  292.738076434
    0.311647223    6.851734368  268.358221072
    0.315163261    7.740909105  238.886046616
    0.318679299    8.542984383  219.813771012
    0.322195338    9.291817963  205.926158006
    0.325711376    9.977985968  181.988301410
    0.329227414   10.545591527  140.426750338
    0.332743452   10.951777582   88.994224613
    0.336259490   11.193950832   53.669109881
    0.339775529   11.378892636   59.017676495
    0.343291567   11.648454610   98.901042977
    0.346807605   12.074151733  140.610708534
    0.350323643   12.598320313  149.355589031
    0.353839682   13.069379809  111.109727606
    0.357355720   13.336131454   35.767006275
    0.360871758   13.320726130  -43.460047379
    0.364387796   13.063067236  -97.704987336
    0.367903834   12.686763912 -108.539489447
    0.371419873   12.346374499  -79.637042550
    0.374935911   12.147482639  -33.255377184
    0.378451949   12.088794520   -4.836481658
    0.381967987   12.073789595  -11.554788800
    0.385484025   11.962892322  -55.065726137
    0.389000064   11.680359659 -104.722298556
    0.392516102   11.246680324 -135.876920759
    0.396032140   10.757698225 -136.608171965
    0.399548178   10.312579411 -115.553752966
    0.403064217    9.949685112  -93.261196260
    0.406580255    9.642819359  -84.577105532
    0.410096293    9.328893903  -96.456900039
    0.413612331    8.943177792 -124.208120249
    0.417128369    8.450128681 -155.895106990
    0.420644408    7.861272017 -175.880288376
    0.424160446    7.250606354 -167.394191538
    0.427676484    6.719529098 -130.644866393
    0.431192522    6.344294695  -83.203474654
    0.434708561    6.121657637  -47.316628552
    0.438224599    5.978290466  -40.840377886
    0.441740637    5.803936730  -60.964482528
    0.445256675    5.539996531  -88.093584472
    0.448772713    5.204522085  -98.992360608
    0.452288752    4.874313793  -86.673813021
    0.455804790    4.612324635  -59.056031363
    0.459320828    4.459828601  -29.484343004
    0.462836866    4.397740945   -7.136100808
    0.466352904    4.386449291   -1.244682494
    0.469868943    4.374604589   -9.459988157
    0.473384981    4.304329988  -32.983791255
    0.476901019    4.125380199  -68.718087689
    0.480417057    3.819592870  -99.485404820
    0.483933096    3.458675186  -98.773464539
    0.487449134    3.167120011  -61.516409616
    0.490965172    3.042922259   -8.441941901
    0.494481210    3.087467043   27.114792319
    0.497997248    3.179670735   19.482956396
    0.501513287    3.184853729  -19.857473595
    0.505029325    3.037670694  -60.661370605
    0.508545363    2.797632200  -68.511221503
    0.512061401    2.604034246  -36.694966074
    0.515577439    2.559105976   10.539659611
    0.519093478    2.659570044   41.879016303
    0.522609516    2.816180644   41.804079286
    0.526125554    2.921135499   17.631567034
    0.529641592    2.939870591   -4.179039784
    0.533157631    2.908902453  -10.899898859
    0.536673669    2.876825407   -6.338932950
    0.540189707    2.874474890    3.413018882
    0.543705745    2.915966181   20.359613290
    0.547221783    3.027817609   45.163802019
    0.550737822    3.237174981   74.061559430
    0.554253860    3.532697018   90.640794391
    0.557769898    3.842045269   80.578167429
    0.561285936    4.076504865   49.424513691
    0.564801975    4.188250391   14.648051776
    0.568318013    4.206645089    1.273169197
    0.571834051    4.225196931   11.646169521
    0.575350089    4.297512740   28.598094885
    0.578866127    4.409167317   31.543850100
    0.582382166    4.495956150   12.927427375
    0.585898204    4.481000797  -22.471803252
    0.589414242    4.333005394  -62.003131933
    0.592930280    4.057846946  -92.085508641
    0.596446318    3.716734801  -96.339701430
    0.599962357    3.425622840  -61.592467189
    0.603478395    3.328187205   10.305030758
    0.606994433    3.516649787   97.735546824
    0.610510471    3.992787395  166.870222248
    0.614026510    4.635454764  192.991764051
    0.617542548    5.296850451  180.255380558
    0.621058586    5.892468838  158.150410011
    0.624574624    6.432925467  152.078252299
    0.628090662    6.987405195  167.302417713
    0.631606701    7.625227088  196.695132752
    0.635122739    8.367971883  227.214621574
    0.638638777    9.241594203  271.903282486
    0.642154815   10.289566889  326.049465529
    0.645670854   11.543357943  387.319059307
    0.649186892   12.996557075  436.293813192
    0.652702930   14.587009880  462.324757432
    0.656218968   16.223966921  467.719744734
    0.659735006   17.877111164  475.954227803
    0.663251045   19.608803865  515.043480845
    0.666767083   21.543381841  589.119234954
    0.670283121   23.754439283  666.677006702
    0.673799159   26.193301616  711.259135364
    0.677315197   28.688882235  698.805701067
    0.680831236   31.052674070  639.686959351
    0.684347274   33.172667872  569.424891390
    0.687863312   35.081699151  522.789726828
    0.691379350   36.883264132  505.552265729
    0.694895389   38.641323685  491.853177533
    0.698411427   40.310036720  451.966452336
    0.701927465   41.775865111  375.928352121
    0.705443503   42.923311234  275.317743447
    0.708959541   43.715909927  177.617412653
    0.712475580   44.193883383   99.442864035
    0.715991618   44.447647779   48.929026813
    0.719507656   44.565941967   21.373775331
    0.723023694   44.614742513    8.169946715
    0.726539732   44.627973353    1.460374057
    0.730055771   44.629337340   -0.000000000
    0.733571809   44.629337340   -0.000000000
    0.737087847   44.629337340   -0.000000000
    0.740603885   44.629337340   -0.000000000
    0.744119924   44.629337340   -0.000000000
    0.747635962   44.629337340   -0.000000000
    0.751152000   44.629337340   -0.000000000
