#! FIELDS dist file.free der_dist
#! SET min_dist 0.199134
#! SET max_dist 0.751152
#! SET nbins_dist  158
#! SET periodic_dist false
    0.199134000   30.714198331   -0.000000000
    0.202650038   30.714198331   -0.000000000
    0.206166076   30.714198331   -0.000000000
    0.209682115   30.714198331   -0.000000000
    0.213198153   30.714198331   -0.000000000
    0.216714191   30.713743659   -1.005864820
    0.220230229   30.697437560   -9.992238715
    0.223746268   30.629688771  -31.353710076
    0.227262306   30.446206775  -79.758265766
    0.230778344   30.016076684 -174.973135538
    0.234294382   29.141865299 -333.965433457
    0.237810420   27.583770364 -563.422714180
    0.241326459   25.131019338 -834.555220835
    0.244842497   21.725612409 -1093.594030078
    0.248358535   17.544189749 -1264.127210301
    0.251874573   13.007670521 -1289.428790987
    0.255390611    8.661869957 -1161.106629908
    0.258906650    4.986254386 -914.438008745
    0.262422688    2.295781076 -612.986440181
    0.265938726    0.668061397 -318.193879803
    0.269454764    0.000000000  -72.448041995
    0.272970803    0.077857361  103.246876263
    0.276486841    0.630570493  197.722876599
    0.280002879    1.383041429  219.657845461
    0.283518917    2.119323370  194.215835751
    0.287034955    2.736525620  157.348548903
    0.290550994    3.252165031  143.223414623
    0.294067032    3.794873361  171.988706960
    0.297583070    4.495971208  229.151872815
    0.301099108    5.414157044  290.281341717
    0.304615146    6.498176834  319.175921290
    0.308131185    7.593321180  294.274577613
    0.311647223    8.518681460  228.791589372
    0.315163261    9.185805423  153.654941608
    0.318679299    9.639733461  112.272303503
    0.322195338   10.024258516  112.862737551
    0.325711376   10.455564404  132.614824930
    0.329227414   10.933175040  136.576600137
    0.332743452   11.376453801  109.349374036
    0.336259490   11.690841364   70.100175769
    0.339775529   11.898762498   53.732187804
    0.343291567   12.115238209   76.142526797
    0.346807605   12.459343439  121.896053153
    0.350323643   12.971163134  166.095537501
    0.353839682   13.600514177  186.358299764
    0.357355720   14.250676311  177.843591438
    0.360871758   14.830962547  148.669011326
    0.364387796   15.283781812  106.535337165
    0.367903834   15.577290911   60.642157991
    0.371419873   15.712539963   17.344005536
    0.374935911   15.703369649  -22.057916978
    0.378451949   15.550847465  -66.073012898
    0.381967987   15.233948963 -116.196539513
    0.385484025   14.724328700 -172.251304198
    0.389000064   14.046463097 -208.838036739
    0.392516102   13.297063196 -209.093862017
    0.396032140   12.620858373 -169.584240178
    0.399548178   12.130515905 -108.583932476
    0.403064217   11.848086266  -56.653165622
    0.406580255   11.702234882  -31.734094998
    0.410096293   11.587639750  -37.108252623
    0.413612331   11.418975087  -60.610726369
    0.417128369   11.153466696  -90.276276995
    0.420644408   10.793215041 -113.312564127
    0.424160446   10.373686644 -124.956781447
    0.427676484    9.931592316 -125.153675245
    0.431192522    9.494777881 -123.682731311
    0.434708561    9.056403596 -127.002790832
    0.438224599    8.599925259 -133.040253532
    0.441740637    8.131579768 -129.225301244
    0.445256675    7.718195781 -100.584427663
    0.448772713    7.459040634  -43.169138985
    0.452288752    7.427020020   23.280095236
    0.455804790    7.596090316   68.444823576
    0.459320828    7.854114192   68.958501005
    0.462836866    8.031368746   25.800497158
    0.466352904    7.998460232  -46.504416481
    0.469868943    7.709709945 -116.595469520
    0.473384981    7.205208080 -166.223263765
    0.476901019    6.574269979 -186.192798317
    0.480417057    5.928939580 -172.702488840
    0.483933096    5.401735716 -121.435805094
    0.487449134    5.098038995  -49.382865239
    0.490965172    5.043971822   15.736061019
    0.494481210    5.165801947   45.168720833
    0.497997248    5.309771642   31.972727412
    0.501513287    5.371452575    3.570141533
    0.505029325    5.358188701   -4.785418432
    0.508545363    5.393391055   32.732854622
    0.512061401    5.623361454   99.759149780
    0.515577439    6.073959296  149.055687065
    0.519093478    6.604342234  141.042301537
    0.522609516    6.992130150   70.973597331
    0.526125554    7.067300167  -26.972270200
    0.529641592    6.827496345 -101.691659057
    0.533157631    6.412675084 -126.121973045
    0.536673669    5.991285920 -108.761934976
    0.540189707    5.674312837  -72.364226580
    0.543705745    5.493461193  -31.866133774
    0.547221783    5.444224953    3.168287137
    0.550737822    5.506097377   30.318511701
    0.554253860    5.637304156   40.783014329
    0.557769898    5.764486178   28.409954574
    0.561285936    5.824103217    4.452981180
    0.564801975    5.804439500  -13.655971317
    0.568318013    5.762505520   -4.893571450
    0.571834051    5.795119427   24.729342264
    0.575350089    5.933056228   51.208649477
    0.578866127    6.129909397   56.315069643
    0.582382166    6.305354530   40.091610573
    0.585898204    6.405954969   18.536604978
    0.589414242    6.451046569    9.076285601
    0.592930280    6.495631917   19.086152642
    0.596446318    6.603792628   44.914673069
    0.599962357    6.820123710   79.790692719
    0.603478395    7.163894440  113.925785031
    0.606994433    7.610098504  137.108939860
    0.610510471    8.100888473  137.361802416
    0.614026510    8.545163560  114.429961607
    0.617542548    8.890850810   83.964094968
    0.621058586    9.155722359   68.782529953
    0.624574624    9.405949345   75.606219665
    0.628090662    9.701841052   92.991577135
    0.631606701   10.059102755  109.238581712
    0.635122739   10.462935653  123.149421895
    0.638638777   10.960522295  165.840780831
    0.642154815   11.680724589  250.029946448
    0.645670854   12.758897614  367.570908646
    0.649186892   14.259403083  482.607384477
    0.652702930   16.111284070  561.513438801
    0.656218968   18.143478619  585.665439268
    0.659735006   20.176859916  565.535269494
    0.663251045   22.102494863  528.583727691
    0.666767083   23.894444769  490.530991539
    0.670283121   25.544002330  446.794701120
    0.673799159   27.021099586  389.767438494
    0.677315197   28.265803638  315.589102561
    0.680831236   29.231072266  232.059774284
    0.684347274   29.900073828  151.801855214
    0.687863312   30.313887609   87.658673746
    0.691379350   30.540320476   44.700204412
    0.694895389   30.649966921   20.046680747
    0.698411427   30.695009163    7.308856575
    0.701927465   30.711272993    2.625567243
    0.705443503   30.714198331   -0.000000000
    0.708959541   30.714198331   -0.000000000
    0.712475580   30.714198331   -0.000000000
    0.715991618   30.714198331   -0.000000000
    0.719507656   30.714198331   -0.000000000
    0.723023694   30.714198331   -0.000000000
    0.726539732   30.714198331   -0.000000000
    0.730055771   30.714198331   -0.000000000
    0.733571809   30.714198331   -0.000000000
    0.737087847   30.714198331   -0.000000000
    0.740603885   30.714198331   -0.000000000
    0.744119924   30.714198331   -0.000000000
    0.747635962   30.714198331   -0.000000000
    0.751152000   30.714198331   -0.000000000
