#! FIELDS dist file.free der_dist
#! SET min_dist 0.199134
#! SET max_dist 0.751152
#! SET nbins_dist  158
#! SET periodic_dist false
    0.199134000   39.744216454   -0.000000000
    0.202650038   39.744216454   -0.000000000
    0.206166076   39.744216454   -0.000000000
    0.209682115   39.741942937   -2.177842303
    0.213198153   39.726374084   -7.813168458
    0.216714191   39.672503404  -25.265345064
    0.220230229   39.520006486  -67.659055880
    0.223746268   39.152578052 -149.544953105
    0.227262306   38.396428178 -292.823426216
    0.230778344   37.006043717 -511.326312064
    0.234294382   34.720822030 -797.805471673
    0.237810420   31.356266855 -1117.354858746
    0.241326459   26.910191405 -1398.447244040
    0.244842497   21.651755190 -1567.306959927
    0.248358535   16.091717827 -1564.292524227
    0.251874573   10.861441864 -1384.288105328
    0.255390611    6.506665002 -1081.459132950
    0.258906650    3.311503835 -735.364763615
    0.262422688    1.299684652 -419.261473920
    0.265938726    0.282292883 -172.519121815
    0.269454764    0.000000000    0.515826405
    0.272970803    0.217613054  113.182138555
    0.276486841    0.735297291  173.248541035
    0.280002879    1.381211341  187.428462301
    0.283518917    2.022136044  174.265029180
    0.287034955    2.595190429  151.441016942
    0.290550994    3.104530874  142.408321751
    0.294067032    3.630185233  160.423722941
    0.297583070    4.249190570  192.551374232
    0.301099108    4.991186930  227.734089252
    0.304615146    5.830187066  246.202829049
    0.308131185    6.691392904  238.967389692
    0.311647223    7.492046985  216.435611807
    0.315163261    8.207489453  193.006419213
    0.318679299    8.869670302  187.557318490
    0.322195338    9.541737030  195.876956796
    0.325711376   10.241657491  199.756157663
    0.329227414   10.921014773  185.506530983
    0.332743452   11.525776757  155.336101223
    0.336259490   12.026176937  132.190603870
    0.339775529   12.492145147  138.887027691
    0.343291567   13.031326976  171.453319439
    0.346807605   13.692924697  201.896388725
    0.350323643   14.413000708  199.814953628
    0.353839682   15.044001641  151.450002650
    0.357355720   15.436264458   66.318929213
    0.360871758   15.508701397  -25.114507132
    0.364387796   15.287987994  -95.745776696
    0.367903834   14.887006502 -123.904680325
    0.371419873   14.468706278 -106.724782845
    0.374935911   14.172737819  -58.941103957
    0.378451949   14.048307668  -15.143788868
    0.381967987   14.034777662    0.003781452
    0.385484025   13.997734567  -26.413047857
    0.389000064   13.826020082  -72.543799771
    0.392516102   13.492316649 -112.850991316
    0.396032140   13.059919312 -127.826945973
    0.399548178   12.627197479 -115.887906539
    0.403064217   12.260715315  -93.282213750
    0.406580255   11.965272701  -77.665843372
    0.410096293   11.689139309  -82.133033664
    0.413612331   11.357728001 -108.663159748
    0.417128369   10.911016957 -145.921675293
    0.420644408   10.341929139 -174.785196114
    0.424160446    9.717719081 -175.790966171
    0.427676484    9.145347829 -144.961947910
    0.431192522    8.713906356 -100.920411367
    0.434708561    8.425897570  -66.939532961
    0.438224599    8.210743502  -61.490203065
    0.441740637    7.961636788  -82.395260490
    0.445256675    7.623113671 -108.730307491
    0.448772713    7.218195839 -117.626272211
    0.452288752    6.828035377 -101.650999538
    0.455804790    6.521269003  -69.352748520
    0.459320828    6.343696129  -33.210974190
    0.462836866    6.280474270   -4.422723081
    0.466352904    6.284704503    3.900110856
    0.469868943    6.286411924   -8.218715080
    0.473384981    6.203438427  -42.150749287
    0.476901019    5.969502759  -90.614529676
    0.480417057    5.569309300 -130.332612896
    0.483933096    5.095051567 -131.145778380
    0.487449134    4.696698509  -88.803522983
    0.490965172    4.490510254  -27.837428021
    0.494481210    4.477804059   13.563979946
    0.497997248    4.528291371    8.877955301
    0.501513287    4.496635849  -30.297268965
    0.505029325    4.313673177  -70.610909209
    0.508545363    4.040666303  -77.163258508
    0.512061401    3.818070357  -44.627252732
    0.515577439    3.743188696    1.094973410
    0.519093478    3.804983809   29.496836873
    0.522609516    3.915825219   28.950130353
    0.526125554    3.984573118   11.213553247
    0.529641592    4.004442562    3.914342793
    0.533157631    4.033303661   14.759932223
    0.536673669    4.117149312   32.348726503
    0.540189707    4.255838808   42.312372762
    0.543705745    4.413050112   45.222646681
    0.547221783    4.573468026   46.957380578
    0.550737822    4.744631807   50.929434665
    0.554253860    4.923312166   48.868304399
    0.557769898    5.067465887   30.509103517
    0.561285936    5.126096126    1.110616160
    0.564801975    5.081747556  -25.144636715
    0.568318013    4.976946853  -29.326577701
    0.571834051    4.898958476  -13.387516939
    0.575350089    4.886121653    4.674370413
    0.578866127    4.914629763    8.716558363
    0.582382166    4.929159362   -3.586536420
    0.585898204    4.881604096  -22.899466657
    0.589414242    4.771147981  -39.687902265
    0.592930280    4.615348598  -47.396070976
    0.596446318    4.457175170  -39.412918794
    0.599962357    4.367053693   -6.731166141
    0.603478395    4.440022988   50.988121581
    0.606994433    4.742574749  121.892898317
    0.610510471    5.279460959  178.690848291
    0.614026510    5.955411230  201.527035992
    0.617542548    6.651638030  192.033563276
    0.621058586    7.298292542  175.327796010
    0.624574624    7.904901067  172.021438482
    0.628090662    8.528790042  186.251226606
    0.631606701    9.227900378  212.284211225
    0.635122739   10.020133342  240.380391168
    0.638638777   10.939654485  285.336468658
    0.642154815   12.048613480  347.286312228
    0.645670854   13.394191588  419.037624869
    0.649186892   14.979523654  479.466087430
    0.652702930   16.738017001  514.749550011
    0.656218968   18.571965179  525.844810277
    0.659735006   20.427962953  531.775723906
    0.663251045   22.337062870  557.850803383
    0.666767083   24.373720494  600.790312710
    0.670283121   26.539090751  625.271158901
    0.673799159   28.710486492  598.422658666
    0.677315197   30.674778388  509.972069618
    0.680831236   32.256681280  387.322278684
    0.684347274   33.413119487  278.716912020
    0.687863312   34.275483234  223.061730749
    0.691379350   35.049455788  224.830034327
    0.694895389   35.885243553  251.024209536
    0.698411427   36.797252552  263.694102016
    0.701927465   37.699164263  242.893573530
    0.705443503   38.467828137  191.354166749
    0.708959541   39.034225700  130.397803574
    0.712475580   39.394221611   76.706087181
    0.715991618   39.593422809   39.390283439
    0.719507656   39.689588641   17.591930768
    0.723023694   39.730104263    6.861416608
    0.726539732   39.742852468    1.460374057
    0.730055771   39.744216454   -0.000000000
    0.733571809   39.744216454   -0.000000000
    0.737087847   39.744216454   -0.000000000
    0.740603885   39.744216454   -0.000000000
    0.744119924   39.744216454   -0.000000000
    0.747635962   39.744216454   -0.000000000
    0.751152000   39.744216454   -0.000000000
