#! FIELDS dist file.free der_dist
#! SET min_dist 0.199134
#! SET max_dist 0.751152
#! SET nbins_dist  158
#! SET periodic_dist false
    0.199134000   49.427334215   -0.000000000
    0.202650038   49.427334215   -0.000000000
    0.206166076   49.424011852   -2.372341635
    0.209682115   49.404818745  -10.342885037
    0.213198153   49.335012025  -32.159810977
    0.216714191   49.143898866  -82.438833011
    0.220230229   48.696077993 -183.506455487
    0.223746268   47.772606570 -355.361823850
    0.227262306   46.093979773 -614.622304751
    0.230778344   43.359355994 -951.886195642
    0.234294382   39.361502049 -1322.157250435
    0.237810420   34.108178878 -1652.707702328
    0.241326459   27.894131566 -1854.138579555
    0.244842497   21.287516308 -1869.431764828
    0.248358535   14.983430508 -1685.663417898
    0.251874573    9.611568593 -1352.352570672
    0.255390611    5.543500912 -962.963861272
    0.258906650    2.807876381 -604.097064350
    0.262422688    1.194087411 -331.013522616
    0.265938726    0.368572258 -153.334797735
    0.269454764    0.032746620  -46.649919138
    0.272970803    0.000000000   22.642793919
    0.276486841    0.167075379   69.658597466
    0.280002879    0.470729609  100.596791780
    0.283518917    0.864236771  122.447003187
    0.287034955    1.323108092  137.657020404
    0.290550994    1.835384951  155.218466933
    0.294067032    2.427604460  182.275469574
    0.297583070    3.117597078  210.141810664
    0.301099108    3.910342512  239.971720721
    0.304615146    4.793443738  260.889185561
    0.308131185    5.724734149  265.639290910
    0.311647223    6.645747351  257.641135416
    0.315163261    7.521373108  240.777619716
    0.318679299    8.343350627  228.306677142
    0.322195338    9.126359748  216.702519185
    0.325711376    9.854550676  195.588245261
    0.329227414   10.478645027  159.385731062
    0.332743452   10.961655076  113.269034047
    0.336259490   11.289125703   76.573084388
    0.339775529   11.540133085   72.411085936
    0.343291567   11.832538212   98.479106267
    0.346807605   12.236453619  129.852617847
    0.350323643   12.718767406  137.867064034
    0.353839682   13.159476630  105.766562320
    0.357355720   13.418666012   36.339983363
    0.360871758   13.407752671  -42.697740227
    0.364387796   13.144596325 -102.156030130
    0.367903834   12.742790281 -117.935081083
    0.371419873   12.367682755  -89.025163999
    0.374935911   12.144605441  -36.743348350
    0.378451949   12.091401134    2.241123492
    0.381967987   12.124629258    9.266167368
    0.385484025   12.113396683  -19.504284582
    0.389000064   11.980725699  -55.789322141
    0.392516102   11.732715672  -80.489636753
    0.396032140   11.435820088  -84.706424176
    0.399548178   11.150731835  -78.091305838
    0.403064217   10.882089777  -77.879777075
    0.406580255   10.587234180  -92.720938442
    0.410096293   10.211558707 -122.132761970
    0.413612331    9.719025737 -157.464987848
    0.417128369    9.110812724 -186.669845830
    0.420644408    8.429364229 -197.148407396
    0.424160446    7.762083389 -178.685829914
    0.427676484    7.202268991 -136.620645802
    0.431192522    6.805823128  -90.582799034
    0.434708561    6.545947037  -61.749863030
    0.438224599    6.336853784  -63.950428287
    0.441740637    6.067885282  -91.246027999
    0.445256675    5.690032695 -121.871485519
    0.448772713    5.237046441 -131.195610004
    0.452288752    4.805158806 -111.477506351
    0.455804790    4.475324693  -72.620562690
    0.459320828    4.297279135  -30.706866525
    0.462836866    4.248474816    1.294839893
    0.466352904    4.279361691   13.811116513
    0.469868943    4.329230725   10.702328158
    0.473384981    4.339644970   -6.875317214
    0.476901019    4.263490002  -36.646226850
    0.480417057    4.077264522  -64.466964726
    0.483933096    3.833841039  -68.227543435
    0.487449134    3.629821155  -43.457025722
    0.490965172    3.540079495   -7.085502921
    0.494481210    3.562451980   14.074411032
    0.497997248    3.593459144   -1.066583082
    0.501513287    3.522892795  -41.766651333
    0.505029325    3.300669896  -81.519648494
    0.508545363    2.987750064  -89.551261317
    0.512061401    2.716234506  -60.362582210
    0.515577439    2.582199829  -16.385112771
    0.519093478    2.586895492   15.118063857
    0.522609516    2.656672055   19.975522517
    0.526125554    2.698697573    4.005246379
    0.529641592    2.687724167   -7.452422347
    0.533157631    2.663173791   -4.090002787
    0.536673669    2.670079428    8.513200022
    0.540189707    2.729741699   23.177514876
    0.543705745    2.841460225   39.606750527
    0.547221783    3.010578539   57.584893909
    0.550737822    3.244883399   75.417566964
    0.554253860    3.524626752   80.930205960
    0.557769898    3.788469392   65.964773866
    0.561285936    3.978363035   40.586866116
    0.564801975    4.083855080   21.217122801
    0.568318013    4.158309439   26.259435632
    0.571834051    4.290112878   49.549908225
    0.575350089    4.503712413   69.166789144
    0.578866127    4.748647463   65.751897296
    0.582382166    4.938113555   36.949738228
    0.585898204    4.992055203   -6.714735905
    0.589414242    4.891700684  -49.928987948
    0.592930280    4.657194231  -80.898786146
    0.596446318    4.354249786  -85.986612393
    0.599962357    4.097285193  -53.031278261
    0.603478395    4.023877714   15.197889520
    0.606994433    4.220771427   97.631478204
    0.610510471    4.687013454  161.426496050
    0.614026510    5.301525237  182.685205241
    0.617542548    5.920166990  166.496085736
    0.621058586    6.466368171  144.146009146
    0.624574624    6.962287063  141.331454725
    0.628090662    7.488808020  162.563107349
    0.631606701    8.120382734  197.615721267
    0.635122739    8.871366431  230.674814852
    0.638638777    9.755181863  273.419436586
    0.642154815   10.799063662  320.921347665
    0.645670854   12.021713964  374.529677576
    0.649186892   13.421545646  419.654623550
    0.652702930   14.954415286  446.973626247
    0.656218968   16.537648230  452.827642901
    0.659735006   18.135399331  457.852822927
    0.663251045   19.781629585  482.329844724
    0.666767083   21.558387085  530.743991628
    0.670283121   23.514182107  580.639563805
    0.673799159   25.618620427  610.864136793
    0.677315197   27.777739331  613.970640280
    0.680831236   29.928605425  610.261731175
    0.684347274   32.097449095  631.318629885
    0.687863312   34.410898506  690.682718579
    0.691379350   36.970592445  763.206153999
    0.694895389   39.730231548  794.888899021
    0.698411427   42.463595956  745.793395410
    0.701927465   44.879279203  617.040879773
    0.705443503   46.750989186  445.392418579
    0.708959541   48.021356986  281.511461659
    0.712475580   48.772911948  154.140771153
    0.715991618   49.161423728   73.695602795
    0.719507656   49.337966777   31.515433768
    0.723023694   49.408871131   11.509265196
    0.726539732   49.425970229    1.460374057
    0.730055771   49.427334215   -0.000000000
    0.733571809   49.427334215   -0.000000000
    0.737087847   49.427334215   -0.000000000
    0.740603885   49.427334215   -0.000000000
    0.744119924   49.427334215   -0.000000000
    0.747635962   49.427334215   -0.000000000
    0.751152000   49.427334215   -0.000000000
