#! FIELDS dist file.free der_dist
#! SET min_dist 0.199134
#! SET max_dist 0.751152
#! SET nbins_dist  158
#! SET periodic_dist false
    0.199134000   55.235341337   -0.417620903
    0.202650038   55.232673482   -1.225508894
    0.206166076   55.222055442   -5.695149968
    0.209682115   55.182253050  -19.413316643
    0.213198153   55.062893433  -52.544801476
    0.216714191   54.766904826 -123.259387436
    0.220230229   54.122843457 -256.158718168
    0.223746268   52.870364039 -471.679070007
    0.227262306   50.692202867 -783.392828822
    0.230778344   47.269823310 -1173.331497884
    0.234294382   42.418751822 -1582.419530888
    0.237810420   36.222615068 -1922.630750816
    0.241326459   29.099435710 -2094.438046476
    0.244842497   21.755452232 -2043.543901773
    0.248358535   14.986966511 -1774.779608373
    0.251874573    9.443265173 -1364.599182281
    0.255390611    5.424688958 -928.878862821
    0.258906650    2.834178652 -561.562910838
    0.262422688    1.340992486 -308.121183771
    0.265938726    0.543651339 -159.945362983
    0.269454764    0.143273540  -74.310538341
    0.272970803    0.000000000   -9.297245791
    0.276486841    0.071970185   49.538269599
    0.280002879    0.337281942   99.614859779
    0.283518917    0.762369500  140.546202698
    0.287034955    1.310089494  168.942073324
    0.290550994    1.943940228  191.913271007
    0.294067032    2.663732605  216.931072831
    0.297583070    3.461178319  235.360094121
    0.301099108    4.315677908  248.546785972
    0.304615146    5.191226189  247.491527842
    0.308131185    6.035256752  230.236732098
    0.311647223    6.804293540  208.787754943
    0.315163261    7.505118529  192.864143864
    0.318679299    8.182111433  195.878289561
    0.322195338    8.891169745  207.838272790
    0.325711376    9.631140421  210.387503902
    0.329227414   10.337822774  189.999711219
    0.332743452   10.940498384  148.721106571
    0.336259490   11.382530523  104.640635675
    0.339775529   11.705892713   84.228983223
    0.343291567   12.004326047   90.114792919
    0.346807605   12.350161483  106.918409173
    0.350323643   12.745896802  114.429920482
    0.353839682   13.128365719   98.386208132
    0.357355720   13.406359897   54.954151644
    0.360871758   13.502535264   -2.166078839
    0.364387796   13.398060892  -55.919069991
    0.367903834   13.138168985  -86.706714140
    0.371419873   12.823505852  -87.434129794
    0.374935911   12.549647197  -66.312312992
    0.378451949   12.350693878  -48.659027282
    0.381967987   12.188724743  -48.710445303
    0.385484025   11.977082201  -74.258151020
    0.389000064   11.664463441 -103.169088035
    0.392516102   11.264108691 -119.669293412
    0.396032140   10.845849770 -114.029986742
    0.399548178   10.482546637  -92.073645722
    0.403064217   10.202464454  -69.249919252
    0.406580255    9.984661838  -57.576692775
    0.410096293    9.773742566  -65.056197328
    0.413612331    9.501382718  -91.705681431
    0.417128369    9.116096911 -128.252067653
    0.420644408    8.607211497 -158.922460271
    0.424160446    8.030791293 -165.092291295
    0.427676484    7.482840272 -141.993448070
    0.431192522    7.050555247 -103.530352605
    0.434708561    6.748048478  -71.804428917
    0.438224599    6.515727956  -66.905144839
    0.441740637    6.245992915  -89.832519570
    0.445256675    5.872230167 -122.094409024
    0.448772713    5.407573254 -138.256771733
    0.452288752    4.935364510 -127.493891786
    0.455804790    4.535100552  -96.242310229
    0.459320828    4.263879524  -59.504749243
    0.462836866    4.109918787  -29.104221075
    0.466352904    4.037529665  -13.852920016
    0.469868943    4.001851199   -9.485600368
    0.473384981    3.960506638  -15.573412129
    0.476901019    3.877024357  -32.305288710
    0.480417057    3.725431360  -49.813411443
    0.483933096    3.543295438  -49.056503360
    0.487449134    3.405243919  -26.115870308
    0.490965172    3.368148339    5.457897851
    0.494481210    3.428699440   24.080654406
    0.497997248    3.499061121   12.417720957
    0.501513287    3.491726427  -18.646400088
    0.505029325    3.369318746  -48.307209666
    0.508545363    3.182653138  -52.384612140
    0.512061401    3.033718416  -29.456846747
    0.515577439    2.985300517    0.591834725
    0.519093478    3.022055426   16.657950503
    0.522609516    3.075956387   10.385382133
    0.526125554    3.075201504   -9.785015824
    0.529641592    3.014624290  -21.454913651
    0.533157631    2.941566725  -17.882202789
    0.536673669    2.896832797   -7.701052150
    0.540189707    2.890519642    1.553444429
    0.543705745    2.916274586   12.555840147
    0.547221783    2.986064146   29.112992203
    0.550737822    3.126661317   51.763616312
    0.554253860    3.341622860   68.583992772
    0.557769898    3.585737519   66.883917351
    0.561285936    3.796497735   50.436159141
    0.564801975    3.939967322   31.353832206
    0.568318013    4.038073309   28.398297226
    0.571834051    4.157929355   40.781282213
    0.575350089    4.328321837   55.025863761
    0.578866127    4.531071700   58.294711386
    0.582382166    4.726896380   50.157809992
    0.585898204    4.876482223   35.236220453
    0.589414242    4.972197710   18.177695020
    0.592930280    5.004009083   -0.661851270
    0.596446318    4.974182714  -14.322064631
    0.599962357    4.926196764   -8.389194801
    0.603478395    4.947070956   23.640206357
    0.606994433    5.112036813   72.393643478
    0.610510471    5.446950853  114.262138813
    0.614026510    5.880916275  129.441991283
    0.617542548    6.323325081  121.618460300
    0.621058586    6.739699189  116.251909249
    0.624574624    7.171569475  132.700312119
    0.628090662    7.695262617  168.436426877
    0.631606701    8.360483740  209.677534425
    0.635122739    9.151451494  240.749131440
    0.638638777   10.062711658  278.896550871
    0.642154815   11.120531060  324.022980973
    0.645670854   12.356171860  379.008270871
    0.649186892   13.776524242  426.661071745
    0.652702930   15.332840884  452.656715189
    0.656218968   16.924879494  451.227488903
    0.659735006   18.497741141  445.423241706
    0.663251045   20.083498411  460.460401763
    0.666767083   21.770948894  503.065440311
    0.670283121   23.625125063  551.119181988
    0.673799159   25.626451949  581.863071412
    0.677315197   27.680735830  584.200363169
    0.680831236   29.728209427  581.746561952
    0.684347274   31.807098475  609.939534775
    0.687863312   34.073434593  687.610656019
    0.691379350   36.674592980  792.281809921
    0.694895389   39.612868829  869.308381016
    0.698411427   42.700073565  873.267740382
    0.701927465   45.657128792  796.625911546
    0.705443503   48.235924874  665.687968530
    0.708959541   50.324831482  522.850875926
    0.712475580   51.925541856  391.555297282
    0.715991618   53.106545513  283.171767335
    0.719507656   53.946622601  197.608584451
    0.723023694   54.514894117  128.614171654
    0.726539732   54.864041139   74.404929124
    0.730055771   55.060931662   40.500788051
    0.733571809   55.164049391   19.476641853
    0.737087847   55.210176789    8.313589832
    0.740603885   55.228389173    2.959489078
    0.744119924   55.234881448    1.027368817
    0.747635962   55.235341438   -0.000000000
    0.751152000   55.235341438   -0.000000000
