#! FIELDS dist file.free der_dist
#! SET min_dist 0.199134
#! SET max_dist 0.751152
#! SET nbins_dist  158
#! SET periodic_dist false
    0.199134000   56.616592039   -0.417620903
    0.202650038   56.613924183   -1.225508894
    0.206166076   56.603056773   -6.042773819
    0.209682115   56.560178641  -21.022485729
    0.213198153   56.430968021  -56.965540307
    0.216714191   56.109896713 -133.774280361
    0.220230229   55.411426374 -277.546952150
    0.223746268   54.056193514 -509.687374749
    0.227262306   51.708365316 -842.314850404
    0.230778344   48.041991166 -1252.525704215
    0.234294382   42.887676440 -1673.728397404
    0.237810420   36.370239688 -2011.226471829
    0.241326459   28.965292567 -2163.539672039
    0.244842497   21.431661588 -2081.079618240
    0.248358535   14.591323624 -1778.655332034
    0.251874573    9.082851374 -1342.687614576
    0.255390611    5.167146781 -894.759584816
    0.258906650    2.697736485 -528.792267364
    0.262422688    1.303131913 -285.847048904
    0.265938726    0.560309631 -151.286858892
    0.269454764    0.168502074  -77.436258847
    0.272970803    0.000000000  -19.689563576
    0.276486841    0.030215240   36.903025558
    0.280002879    0.252892418   88.575766642
    0.283518917    0.645342637  133.221155565
    0.287034955    1.174242720  165.532758984
    0.290550994    1.802397438  191.921463264
    0.294067032    2.527325459  219.715981756
    0.297583070    3.338583857  240.386488211
    0.301099108    4.213873678  255.238371742
    0.304615146    5.114100305  254.616992429
    0.308131185    5.981628943  236.232402565
    0.311647223    6.768075346  212.648552878
    0.315163261    7.479579332  195.313612948
    0.318679299    8.166436100  199.560224961
    0.322195338    8.895401775  215.989673722
    0.325711376    9.675685127  225.323671882
    0.329227414   10.446570926  211.303901709
    0.332743452   11.131947573  173.971569298
    0.336259490   11.664457472  130.101095621
    0.339775529   12.071133733  105.521140243
    0.343291567   12.430265773  102.602939980
    0.346807605   12.798473667  106.482843362
    0.350323643   13.165879738   98.634397923
    0.353839682   13.466805988   68.486219551
    0.357355720   13.623852931   17.483505547
    0.360871758   13.589890311  -36.840821841
    0.364387796   13.383471439  -77.892254669
    0.367903834   13.076794606  -91.164860977
    0.371419873   12.774393816  -76.926894657
    0.374935911   12.552665623  -48.692280930
    0.378451949   12.415560581  -32.234283838
    0.381967987   12.301436368  -38.307155160
    0.385484025   12.114389456  -70.410907007
    0.389000064   11.807239535 -103.482357669
    0.392516102   11.401301016 -122.189524992
    0.396032140   10.971762722 -117.880987318
    0.399548178   10.593050084  -97.007527949
    0.403064217   10.294753034  -74.443253531
    0.406580255   10.059882066  -62.009856133
    0.410096293    9.835300760  -68.374603996
    0.413612331    9.552219937  -94.645548933
    0.417128369    9.155820632 -131.861875736
    0.420644408    8.632361040 -163.585517552
    0.424160446    8.038374067 -170.154029569
    0.427676484    7.474466801 -145.754284802
    0.431192522    7.034647277 -103.686696562
    0.434708561    6.740277623  -66.845319337
    0.438224599    6.535803956  -56.038218950
    0.441740637    6.313624589  -73.897621908
    0.445256675    6.001438628 -103.546796402
    0.448772713    5.601746228 -120.392549378
    0.452288752    5.186342384 -113.513823177
    0.455804790    4.825341323  -87.986267870
    0.459320828    4.573331740  -56.652465210
    0.462836866    4.421484729  -30.381223222
    0.466352904    4.339918952  -17.544316507
    0.469868943    4.288723001  -14.558850905
    0.473384981    4.227370953  -21.824331696
    0.476901019    4.120091920  -39.510671349
    0.480417057    3.942203562  -57.399237104
    0.483933096    3.734077826  -56.071278454
    0.487449134    3.573976940  -31.585119076
    0.490965172    3.519764252    1.139283566
    0.494481210    3.565031821   19.426166345
    0.497997248    3.615882499    5.675729760
    0.501513287    3.578951409  -28.792570410
    0.505029325    3.414721123  -61.897264005
    0.508545363    3.176205068  -68.051747653
    0.512061401    2.970858536  -45.627015557
    0.515577439    2.867173673  -14.459661796
    0.519093478    2.854854477    4.054490677
    0.522609516    2.871120038    1.814015459
    0.526125554    2.849040663  -13.197781179
    0.529641592    2.786429217  -19.219608033
    0.533157631    2.729573260  -11.189642705
    0.536673669    2.712666123    0.958715510
    0.540189707    2.735580850    8.907160062
    0.543705745    2.780329537   15.562639776
    0.547221783    2.850367248   26.122732856
    0.550737822    2.969846512   42.996893929
    0.554253860    3.146510106   56.103444058
    0.557769898    3.345402973   54.218442945
    0.561285936    3.515640452   40.450655557
    0.564801975    3.630638270   25.111207870
    0.568318013    3.712671347   25.152073199
    0.571834051    3.823322553   38.457865109
    0.575350089    3.985010677   52.273793537
    0.578866127    4.177577262   55.426324897
    0.582382166    4.364781718   48.437314897
    0.585898204    4.512385188   35.831604689
    0.589414242    4.614031115   20.691459538
    0.592930280    4.655587953    1.935079839
    0.596446318    4.632178238  -13.482282940
    0.599962357    4.582860798   -9.954813890
    0.603478395    4.594075398   19.796051029
    0.606994433    4.741500559   66.235552033
    0.610510471    5.049679746  105.021666848
    0.614026510    5.444687313  116.524440716
    0.617542548    5.836634420  106.211949407
    0.621058586    6.199471776  102.073209453
    0.624574624    6.591366711  125.205627717
    0.628090662    7.108517464  172.920138612
    0.631606701    7.814628959  228.615088278
    0.635122739    8.695298163  272.226896237
    0.638638777    9.732135091  317.513120217
    0.642154815   10.926255630  361.570257302
    0.645670854   12.279079936  406.872841158
    0.649186892   13.770351222  438.295626709
    0.652702930   15.333486752  444.857197493
    0.656218968   16.866260702  426.056491134
    0.659735006   18.329474527  409.740168878
    0.663251045   19.785752131  424.314869872
    0.666767083   21.362674815  477.964669321
    0.670283121   23.162153563  546.099188558
    0.673799159   25.185739817  599.227731958
    0.677315197   27.332313148  617.635063395
    0.680831236   29.507281867  618.450710605
    0.684347274   31.701257592  636.933047716
    0.687863312   34.035501784  699.187308170
    0.691379350   36.656744188  793.977014374
    0.694895389   39.603974150  875.429851273
    0.698411427   42.742404033  898.212213852
    0.701927465   45.830745053  846.380007625
    0.705443503   48.620780390  734.308828163
    0.708959541   50.964477294  596.627576630
    0.712475580   52.812652731  456.696415780
    0.715991618   54.194608842  331.661419381
    0.719507656   55.173834133  228.579546945
    0.723023694   55.824905120  145.596160836
    0.726539732   56.216839375   82.553673674
    0.730055771   56.433067270   43.909520090
    0.733571809   56.543490305   20.479624885
    0.737087847   56.591427491    8.313589832
    0.740603885   56.609639875    2.959489078
    0.744119924   56.616132150    1.027368817
    0.747635962   56.616592139   -0.000000000
    0.751152000   56.616592139   -0.000000000
