#! FIELDS dist file.free der_dist
#! SET min_dist 0.199134
#! SET max_dist 0.751152
#! SET nbins_dist  158
#! SET periodic_dist false
    0.199134000   39.303242609   -0.000000000
    0.202650038   39.303242609   -0.000000000
    0.206166076   39.303242609   -0.000000000
    0.209682115   39.300969091   -2.177842303
    0.213198153   39.285400238   -7.813168458
    0.216714191   39.231529558  -25.265345064
    0.220230229   39.079277918  -67.491920806
    0.223746268   38.713144504 -148.875630518
    0.227262306   37.961030651 -291.055776663
    0.230778344   36.580535002 -507.281913414
    0.234294382   34.315894979 -789.788247177
    0.237810420   30.989159642 -1103.583793805
    0.241326459   26.603404792 -1377.853947711
    0.244842497   21.428616601 -1540.654837365
    0.248358535   15.968277990 -1535.013220369
    0.251874573   10.837684594 -1357.874126881
    0.255390611    6.562281544 -1063.503944114
    0.258906650    3.409589064 -729.476559284
    0.262422688    1.396778671 -425.387552375
    0.265938726    0.341420457 -187.203259341
    0.269454764    0.000000000  -17.541598604
    0.272970803    0.155628694   96.652813878
    0.276486841    0.622412553  161.147065372
    0.280002879    1.234505954  180.187322490
    0.283518917    1.856737399  170.571915053
    0.287034955    2.420939238  149.884109885
    0.290550994    2.927281361  142.257893255
    0.294067032    3.455644816  162.298289664
    0.297583070    4.087258987  198.081547096
    0.301099108    4.856315533  237.609883196
    0.304615146    5.737234147  260.023823861
    0.308131185    6.651980004  255.266616995
    0.311647223    7.511443982  233.290220644
    0.315163261    8.285206868  209.097267877
    0.318679299    9.000686119  201.625452934
    0.322195338    9.717317966  207.008222950
    0.325711376   10.449952074  207.134669249
    0.329227414   11.147094678  188.128511573
    0.332743452   11.752021573  152.823698248
    0.336259490   12.234199104  124.353268507
    0.339775529   12.664470098  126.465564526
    0.343291567   13.154597831  156.179854429
    0.346807605   13.761326477  186.775372208
    0.350323643   14.434904081  189.449253942
    0.353839682   15.045318776  150.875718095
    0.357355720   15.458167771   78.885366908
    0.360871758   15.596971260   -0.451632199
    0.364387796   15.476954883  -64.359540719
    0.367903834   15.186235941  -94.016266383
    0.371419873   14.858045807  -86.584383744
    0.374935911   14.607555501  -53.714313427
    0.378451949   14.473790650  -25.421777396
    0.381967987   14.402084219  -21.772684165
    0.385484025   14.279223881  -52.071693388
    0.389000064   14.023099269  -93.665317027
    0.392516102   13.632175965 -123.701297501
    0.396032140   13.181222173 -127.967887222
    0.399548178   12.760031991 -110.321452142
    0.403064217   12.412798351  -89.110895218
    0.406580255   12.120741032  -80.321576418
    0.410096293   11.822554717  -91.649698099
    0.413612331   11.452355759 -120.230922374
    0.417128369   10.971180258 -152.877492028
    0.420644408   10.393835555 -171.973251716
    0.424160446    9.797887068 -162.831537058
    0.427676484    9.283851951 -125.783275160
    0.431192522    8.920229055  -82.814207218
    0.434708561    8.683797468  -56.529565281
    0.438224599    8.486977339  -61.307270785
    0.441740637    8.223789456  -89.600944205
    0.445256675    7.856726965 -116.588940563
    0.448772713    7.432190468 -120.186980969
    0.452288752    7.046086621  -96.674966994
    0.455804790    6.766725097  -59.418562833
    0.459320828    6.626255613  -22.817906111
    0.462836866    6.595666054    3.462756305
    0.466352904    6.623414573    9.813847510
    0.469868943    6.647331360   -0.657468381
    0.473384981    6.599595177  -29.267179939
    0.476901019    6.422551222  -71.411103269
    0.480417057    6.096268208 -108.492039121
    0.483933096    5.693908247 -113.402341351
    0.487449134    5.340256002  -81.966293772
    0.490965172    5.134982674  -34.098684008
    0.494481210    5.081769625   -2.242787337
    0.497997248    5.070309463   -9.327234184
    0.501513287    4.980342290  -44.353537436
    0.505029325    4.760828892  -77.114754964
    0.508545363    4.476962009  -77.295951854
    0.512061401    4.259324178  -42.479851147
    0.515577439    4.188862903    0.631688770
    0.519093478    4.238106199   22.275339573
    0.522609516    4.308117552   12.944748375
    0.526125554    4.303619116  -14.293600488
    0.529641592    4.220567312  -28.672303454
    0.533157631    4.128020131  -20.859993245
    0.536673669    4.090519491    0.113691256
    0.540189707    4.132207094   20.558354675
    0.543705745    4.239662002   39.444909657
    0.547221783    4.412833862   60.159301839
    0.550737822    4.662171306   81.590083553
    0.554253860    4.971666508   91.274988118
    0.557769898    5.272732501   75.890026302
    0.561285936    5.483922121   41.246297847
    0.564801975    5.563222851    4.640967070
    0.568318013    5.543109982  -10.752622645
    0.571834051    5.514496331   -3.429356431
    0.575350089    5.525976304    8.936665177
    0.578866127    5.561873681    8.818225541
    0.582382166    5.569678951   -7.388642546
    0.585898204    5.503618980  -29.262014580
    0.589414242    5.371608217  -44.689121115
    0.592930280    5.209507209  -44.767533799
    0.596446318    5.081500475  -24.384272878
    0.599962357    5.066713715   20.422954272
    0.603478395    5.247026604   83.222838767
    0.606994433    5.655809020  148.136756837
    0.610510471    6.258872191  188.720237306
    0.614026510    6.933760054  190.746700582
    0.617542548    7.558170768  162.816763655
    0.621058586    8.078797893  134.003159063
    0.624574624    8.528406792  125.005266261
    0.628090662    8.983680862  137.838955865
    0.631606701    9.514124239  165.169037079
    0.635122739   10.145669993  196.518993869
    0.638638777   10.921058112  247.809286138
    0.642154815   11.915076936  320.006909067
    0.645670854   13.187808349  405.356978748
    0.649186892   14.751390189  480.802914396
    0.652702930   16.538959858  530.058531143
    0.656218968   18.444079035  549.974704210
    0.659735006   20.390882395  558.230245446
    0.663251045   22.389350772  581.931527173
    0.666767083   24.504725080  621.992907606
    0.670283121   26.746720686  648.771493409
    0.673799159   29.014105251  630.146038320
    0.677315197   31.105526902  549.773456314
    0.680831236   32.828750525  425.565912178
    0.684347274   34.093893924  299.603495469
    0.687863312   34.978968594  213.701479889
    0.691379350   35.662264524  183.436619217
    0.694895389   36.310282325  188.148730267
    0.698411427   36.987872490  196.055276907
    0.701927465   37.665820884  185.142574660
    0.705443503   38.259401691  150.027221563
    0.708959541   38.709894667  105.305002237
    0.712475580   39.004237745   63.615009499
    0.715991618   39.171311472   33.477680773
    0.719507656   39.253813641   15.268834334
    0.723023694   39.289258762    6.064741783
    0.726539732   39.301878622    1.460374057
    0.730055771   39.303242609   -0.000000000
    0.733571809   39.303242609   -0.000000000
    0.737087847   39.303242609   -0.000000000
    0.740603885   39.303242609   -0.000000000
    0.744119924   39.303242609   -0.000000000
    0.747635962   39.303242609   -0.000000000
    0.751152000   39.303242609   -0.000000000
