#! FIELDS dist file.free der_dist
#! SET min_dist 0.199134
#! SET max_dist 0.751152
#! SET nbins_dist  158
#! SET periodic_dist false
    0.199134000   55.379595371   -0.417620903
    0.202650038   55.376927515   -1.225508894
    0.206166076   55.366309475   -5.695149968
    0.209682115   55.326488983  -19.492225777
    0.213198153   55.206627963  -52.774257994
    0.216714191   54.909239798 -123.916015939
    0.220230229   54.261553631 -257.655418330
    0.223746268   53.001316638 -474.707840346
    0.227262306   50.808735234 -788.681352023
    0.230778344   47.363025847 -1181.340479110
    0.234294382   42.479309874 -1592.847961397
    0.237810420   36.244153654 -1934.078226662
    0.241326459   29.082261624 -2104.593568030
    0.244842497   21.708454610 -2050.010791759
    0.248358535   14.926026231 -1776.130298801
    0.251874573    9.386387209 -1361.144899605
    0.255390611    5.385769083 -922.539885070
    0.258906650    2.818637758 -555.074004855
    0.262422688    1.344941069 -303.811303684
    0.265938726    0.557044061 -158.932535337
    0.269454764    0.154509451  -76.391962493
    0.272970803    0.000000000  -13.400730244
    0.276486841    0.055616498   44.504928011
    0.280002879    0.302551491   94.232254559
    0.283518917    0.707974715  134.772350705
    0.287034955    1.234537010  162.653688296
    0.290550994    1.845882477  185.560113393
    0.294067032    2.544901721  211.744100064
    0.297583070    3.328625372  233.006657630
    0.301099108    4.181856934  250.290897623
    0.304615146    5.070781735  253.184230961
    0.308131185    5.939451452  238.155789119
    0.311647223    6.736367112  216.271192545
    0.315163261    7.459385660  197.732436689
    0.318679299    8.147664529  197.445117780
    0.322195338    8.857740544  207.135414584
    0.325711376    9.594162754  209.410042013
    0.329227414   10.299500472  190.392882484
    0.332743452   10.906838091  150.977653273
    0.336259490   11.359041811  107.945929967
    0.339775529   11.694024275   87.333915244
    0.343291567   12.001263433   91.862729035
    0.346807605   12.349712094  106.563275368
    0.350323643   12.739962999  111.630273216
    0.353839682   13.108211406   93.136350487
    0.357355720   13.364198929   47.832891716
    0.360871758   13.434065522   -9.664602237
    0.364387796   13.305739387  -61.601633006
    0.367903834   13.032195487  -88.533003837
    0.371419873   12.719539712  -84.461996428
    0.374935911   12.463607933  -59.350934856
    0.378451949   12.293145953  -39.755631909
    0.381967987   12.162701522  -39.998918560
    0.385484025   11.978917335  -67.321368073
    0.389000064   11.686175334  -98.908027519
    0.392516102   11.295453170 -118.459531100
    0.396032140   10.875803351 -116.010082668
    0.399548178   10.500289695  -96.942757098
    0.403064217   10.199105823  -76.135848975
    0.406580255    9.955696162  -64.998100524
    0.410096293    9.720484345  -71.209815101
    0.413612331    9.430548572  -95.405407381
    0.417128369    9.037312373 -129.089216549
    0.420644408    8.530166864 -157.212256154
    0.424160446    7.962988644 -161.712834518
    0.427676484    7.428298242 -138.020241460
    0.431192522    7.009887122  -99.694335551
    0.434708561    6.720124303  -68.399055651
    0.438224599    6.499181912  -63.793012044
    0.441740637    6.240257361  -86.778706232
    0.445256675    5.877117744 -119.143323284
    0.448772713    5.422002113 -135.834325304
    0.452288752    4.956727424 -126.069070850
    0.455804790    4.559139701  -96.189920324
    0.459320828    4.285385470  -61.039548289
    0.462836866    4.122883675  -32.500441989
    0.466352904    4.034527510  -19.602891832
    0.469868943    3.974112231  -17.779999202
    0.473384981    3.899912210  -25.717338867
    0.476901019    3.780257735  -42.312162727
    0.480417057    3.597689376  -56.988569165
    0.483933096    3.398692746  -51.225874897
    0.487449134    3.263012775  -22.658492573
    0.490965172    3.246316293   13.279361100
    0.494481210    3.338644644   33.889663179
    0.497997248    3.443285749   21.763369266
    0.501513287    3.465630282  -11.248436558
    0.505029325    3.365021577  -43.346682344
    0.508545363    3.191727305  -49.692765373
    0.512061401    3.048645393  -28.802317736
    0.515577439    2.999084000   -0.693031168
    0.519093478    3.028048850   13.556260559
    0.522609516    3.068579254    5.996782768
    0.526125554    3.051353187  -14.601938352
    0.529641592    2.974552580  -25.708358182
    0.533157631    2.888511493  -20.933164260
    0.536673669    2.835386249   -9.477723450
    0.540189707    2.824429106    0.597948805
    0.543705745    2.847455373   11.884365106
    0.547221783    2.914943907   28.465792001
    0.550737822    3.053384049   51.203388271
    0.554253860    3.266751078   68.298912178
    0.557769898    3.510615465   67.049405664
    0.561285936    3.722820787   51.094689582
    0.564801975    3.869356885   32.395233790
    0.568318013    3.971414465   29.565032634
    0.571834051    4.094770527   41.492323662
    0.575350089    4.265820103   54.551041786
    0.578866127    4.463905666   56.050193514
    0.582382166    4.648418107   45.999228580
    0.585898204    4.780633733   29.649200689
    0.589414242    4.855725200   12.222776866
    0.592930280    4.867872659   -5.701182557
    0.596446318    4.823810863  -17.188076279
    0.599962357    4.770893103   -8.218271820
    0.603478395    4.798171536   27.071330273
    0.606994433    4.979822170   78.216240767
    0.610510471    5.336678924  120.604741770
    0.614026510    5.791049753  134.422791257
    0.617542548    6.246804191  124.170204889
    0.621058586    6.668270752  116.784220555
    0.624574624    7.100567034  132.758284502
    0.628090662    7.626367671  169.847359949
    0.631606701    8.300700128  213.570251859
    0.635122739    9.109635492  247.034786808
    0.638638777   10.046038998  286.537408252
    0.642154815   11.130659840  331.303630803
    0.645670854   12.388226769  383.840660529
    0.649186892   13.817943524  426.789053601
    0.652702930   15.363610339  446.245946319
    0.656218968   16.920578129  437.770857347
    0.659735006   18.435969648  426.702291869
    0.663251045   19.952656557  440.754820073
    0.666767083   21.577677201  488.238960249
    0.670283121   23.395982193  546.183171015
    0.673799159   25.400956229  588.863083494
    0.677315197   27.498367846  601.085927018
    0.680831236   29.615487742  603.549494651
    0.684347274   31.771590551  631.240418883
    0.687863312   34.106068383  704.652496629
    0.691379350   36.757477779  803.807701660
    0.694895389   39.727401657  876.001309680
    0.698411427   42.831824658  876.633617318
    0.701927465   45.797026466  798.099596880
    0.705443503   48.379052286  666.223258901
    0.708959541   50.469078981  522.951176438
    0.712475580   52.069795890  391.555297282
    0.715991618   53.250799546  283.171767335
    0.719507656   54.090876635  197.608584451
    0.723023694   54.659148151  128.614171654
    0.726539732   55.008295173   74.404929124
    0.730055771   55.205185695   40.500788051
    0.733571809   55.308303425   19.476641853
    0.737087847   55.354430823    8.313589832
    0.740603885   55.372643207    2.959489078
    0.744119924   55.379135482    1.027368817
    0.747635962   55.379595471   -0.000000000
    0.751152000   55.379595471   -0.000000000
