#! FIELDS dist file.free der_dist
#! SET min_dist 0.199134
#! SET max_dist 0.751152
#! SET nbins_dist  158
#! SET periodic_dist false
    0.199134000   44.664529270   -0.000000000
    0.202650038   44.664529270   -0.000000000
    0.206166076   44.662550772   -1.406322976
    0.209682115   44.650465097   -6.885203232
    0.213198153   44.604408228  -21.385310653
    0.216714191   44.474041991  -57.084336569
    0.220230229   44.157317769 -132.067213530
    0.223746268   43.481008415 -263.736666626
    0.227262306   42.213024774 -471.396856194
    0.230778344   40.075557533 -756.633215309
    0.234294382   36.832716202 -1092.494944735
    0.237810420   32.398257082 -1423.388037216
    0.241326459   26.929440257 -1665.839643176
    0.244842497   20.867832051 -1750.635211206
    0.248358535   14.850317757 -1639.524831605
    0.251874573    9.543067962 -1356.368335946
    0.255390611    5.422690304 -983.115625179
    0.258906650    2.629744096 -613.311587319
    0.262422688    1.018819767 -320.295451898
    0.265938726    0.256417104 -130.351895250
    0.269454764    0.000000000  -27.113077723
    0.272970803    0.009220285   25.441443446
    0.276486841    0.149334352   51.497273955
    0.280002879    0.358599250   66.398467824
    0.283518917    0.620772696   84.300514693
    0.287034955    0.958675257  109.210994412
    0.290550994    1.404941081  147.401606296
    0.294067032    2.012443524  198.928184837
    0.297583070    2.799575271  247.111300073
    0.301099108    3.742871190  286.364105630
    0.304615146    4.786881251  303.949601987
    0.308131185    5.848816136  295.830736440
    0.311647223    6.847884153  271.912362825
    0.315163261    7.749009749  241.968801490
    0.318679299    8.559858271  221.611826063
    0.322195338    9.311854127  205.795074904
    0.325711376    9.993553282  179.507223314
    0.329227414   10.547760411  135.244734950
    0.332743452   10.930849271   81.075907669
    0.336259490   11.141130104   43.611245554
    0.339775529   11.288794596   48.176979726
    0.343291567   11.521737567   89.256032001
    0.346807605   11.918565394  134.062575044
    0.350323643   12.427315839  147.279049214
    0.353839682   12.899497714  113.758483863
    0.357355720   13.182500278   42.078262480
    0.360871758   13.192388194  -35.814634509
    0.364387796   12.960032757  -91.399588960
    0.367903834   12.600160810 -105.764839846
    0.371419873   12.261849278  -81.251437417
    0.374935911   12.050628456  -38.397669388
    0.378451949   11.970402719  -11.583897290
    0.381967987   11.931863561  -17.916058235
    0.385484025   11.801650802  -59.540055576
    0.389000064   11.507565913 -106.790455228
    0.392516102   11.070812050 -135.630298103
    0.396032140   10.586768099 -134.076200646
    0.399548178   10.154381174 -110.856794011
    0.403064217    9.811335940  -86.672402538
    0.406580255    9.530326217  -76.592430600
    0.410096293    9.245425227  -88.152988955
    0.413612331    8.887365850 -117.028297554
    0.417128369    8.415591491 -151.147475008
    0.420644408    7.837983966 -174.180743509
    0.424160446    7.228532114 -168.243389283
    0.427676484    6.691878990 -132.690314890
    0.431192522    6.309751207  -84.785263614
    0.434708561    6.084492894  -47.085862368
    0.438224599    5.945754104  -38.469990240
    0.441740637    5.782658694  -57.113899381
    0.445256675    5.533431317  -83.770761179
    0.448772713    5.212451367  -95.201710196
    0.452288752    4.893806833  -83.926106510
    0.455804790    4.639504025  -57.425909380
    0.459320828    4.491069354  -28.799191658
    0.462836866    4.429974838   -7.248712059
    0.466352904    4.416808729   -2.231728569
    0.469868943    4.399543888  -11.617569862
    0.473384981    4.319002204  -36.677057211
    0.476901019    4.124231958  -73.997506469
    0.480417057    3.797746063 -105.829209173
    0.483933096    3.414398911 -104.928225086
    0.487449134    3.103963064  -65.825940198
    0.490965172    2.969958880   -9.550770717
    0.494481210    3.016956157   29.577715398
    0.497997248    3.123056319   24.705303264
    0.501513287    3.149156718  -13.493023041
    0.505029325    3.023946689  -54.765310667
    0.508545363    2.802102889  -64.183704312
    0.512061401    2.620231727  -34.378869044
    0.515577439    2.579899557   10.866789018
    0.519093478    2.678343531   40.433101450
    0.522609516    2.827342340   39.002152301
    0.526125554    2.920812502   13.980865708
    0.529641592    2.926345067   -7.965666679
    0.533157631    2.882532533  -14.343736105
    0.536673669    2.839075666   -9.419802820
    0.540189707    2.825785074    0.149849953
    0.543705745    2.854432286   16.223036347
    0.547221783    2.949651196   39.826047263
    0.550737822    3.138928689   68.144342287
    0.554253860    3.414399918   85.381601777
    0.557769898    3.708161922   77.109677287
    0.561285936    3.934307921   48.093553796
    0.564801975    4.044017506   14.619005895
    0.568318013    4.062476820    1.074799330
    0.571834051    4.077893951    9.865740953
    0.575350089    4.140488716   24.863224769
    0.578866127    4.236287302   26.423827923
    0.582382166    4.304342447    7.610475635
    0.585898204    4.272252279  -26.696171001
    0.589414242    4.112999224  -64.033150460
    0.592930280    3.836038369  -90.958902631
    0.596446318    3.505218843  -91.587441533
    0.599962357    3.237181479  -53.316347585
    0.603478395    3.173646615   21.118239022
    0.606994433    3.402409921  109.560291217
    0.610510471    3.919439161  178.051514764
    0.614026510    4.598377022  202.288229818
    0.617542548    5.288164506  187.037385833
    0.621058586    5.903471343  162.615729379
    0.624574624    6.456189034  154.684294589
    0.628090662    7.017402544  168.625035951
    0.631606701    7.658498691  197.306443386
    0.635122739    8.402536470  227.432183791
    0.638638777    9.276650606  271.984428626
    0.642154815   10.324758819  326.049465529
    0.645670854   11.578549873  387.319059307
    0.649186892   13.031749005  436.293813192
    0.652702930   14.622201810  462.324757432
    0.656218968   16.259158851  467.719744734
    0.659735006   17.912303094  475.954227803
    0.663251045   19.643995794  515.043480845
    0.666767083   21.578573771  589.119234954
    0.670283121   23.789631213  666.677006702
    0.673799159   26.228493546  711.259135364
    0.677315197   28.724074165  698.805701067
    0.680831236   31.087865999  639.686959351
    0.684347274   33.207859802  569.424891390
    0.687863312   35.116891081  522.789726828
    0.691379350   36.918456062  505.552265729
    0.694895389   38.676515615  491.853177533
    0.698411427   40.345228650  451.966452336
    0.701927465   41.811057041  375.928352121
    0.705443503   42.958503164  275.317743447
    0.708959541   43.751101857  177.617412653
    0.712475580   44.229075313   99.442864035
    0.715991618   44.482839709   48.929026813
    0.719507656   44.601133897   21.373775331
    0.723023694   44.649934443    8.169946715
    0.726539732   44.663165283    1.460374057
    0.730055771   44.664529270   -0.000000000
    0.733571809   44.664529270   -0.000000000
    0.737087847   44.664529270   -0.000000000
    0.740603885   44.664529270   -0.000000000
    0.744119924   44.664529270   -0.000000000
    0.747635962   44.664529270   -0.000000000
    0.751152000   44.664529270   -0.000000000
