#! FIELDS dist file.free der_dist
#! SET min_dist 0.199134
#! SET max_dist 0.751152
#! SET nbins_dist  158
#! SET periodic_dist false
    0.199134000   47.996207839   -0.000000000
    0.202650038   47.996207839   -0.000000000
    0.206166076   47.992885476   -2.372341635
    0.209682115   47.974902230   -9.508615530
    0.213198153   47.911025091  -29.360332540
    0.216714191   47.736376918  -75.383469925
    0.220230229   47.326350199 -168.272444674
    0.223746268   46.478176277 -326.815550768
    0.227262306   44.930527052 -568.108259392
    0.230778344   42.393491315 -886.372668950
    0.234294382   38.651737376 -1243.577972206
    0.237810420   33.679939273 -1573.666430848
    0.241326459   27.722371987 -1789.607936705
    0.244842497   21.300146259 -1830.138464273
    0.248358535   15.086795674 -1672.647291014
    0.251874573    9.725263151 -1357.623301251
    0.255390611    5.623700928 -974.852504710
    0.258906650    2.848450265 -613.754731810
    0.262422688    1.209824530 -335.469683074
    0.265938726    0.375859780 -154.151817395
    0.269454764    0.038558169  -47.207437485
    0.272970803    0.000000000   19.595118555
    0.276486841    0.150210899   63.005449594
    0.280002879    0.424873391   90.869408968
    0.283518917    0.779635959  110.478146564
    0.287034955    1.195110281  125.286951265
    0.290550994    1.666538649  144.702603329
    0.294067032    2.227622891  175.220797525
    0.297583070    2.899519866  206.618649518
    0.301099108    3.683902734  238.094743848
    0.304615146    4.558696657  257.504849383
    0.308131185    5.472435722  258.977962798
    0.311647223    6.366158565  249.244084445
    0.315163261    7.214591953  234.616438446
    0.318679299    8.025695599  228.914682651
    0.322195338    8.826362126  225.953498346
    0.325711376    9.598305747  210.388304415
    0.329227414   10.275050429  173.343109305
    0.332743452   10.795834994  119.956282083
    0.336259490   11.129962632   73.659394029
    0.339775529   11.355751185   61.528519026
    0.343291567   11.602319062   84.105944305
    0.346807605   11.957016592  117.054970840
    0.350323643   12.403023563  130.610219947
    0.353839682   12.831659981  106.515200643
    0.357355720   13.108871233   45.776145830
    0.360871758   13.144319120  -26.284131238
    0.364387796   12.945310596  -83.032141206
    0.367903834   12.606580753 -102.149607348
    0.371419873   12.273342724  -81.719687775
    0.374935911   12.057589470  -39.902159590
    0.378451949   11.977149191   -9.434636020
    0.381967987   11.960640899   -6.636994119
    0.385484025   11.891797828  -35.723191800
    0.389000064   11.704247100  -70.609384608
    0.392516102   11.406354962  -94.300721649
    0.396032140   11.060910257  -98.533744626
    0.399548178   10.727430514  -91.560511703
    0.403064217   10.414631458  -89.133164602
    0.406580255   10.087776084  -99.321249528
    0.410096293    9.697517209 -123.925350637
    0.413612331    9.205229977 -155.922449023
    0.417128369    8.605743073 -183.445913415
    0.420644408    7.936707487 -193.277187317
    0.424160446    7.285490917 -173.318593633
    0.427676484    6.748224923 -129.113538724
    0.431192522    6.381511263  -81.324738929
    0.434708561    6.155666927  -51.872789608
    0.438224599    5.981393352  -53.861713041
    0.441740637    5.749682531  -79.807452799
    0.445256675    5.417779524 -106.812428666
    0.448772713    5.026104725 -111.302973088
    0.452288752    4.671673541  -87.529931609
    0.455804790    4.429532786  -47.119796690
    0.459320828    4.339327061   -6.659411865
    0.462836866    4.368213758   20.963857071
    0.466352904    4.456210391   26.150218723
    0.469868943    4.532253546   12.753100446
    0.473384981    4.528585362  -17.174158987
    0.476901019    4.394535570  -58.799630701
    0.480417057    4.114712882  -94.626204675
    0.483933096    3.760945822  -99.669830150
    0.487449134    3.454332605  -69.312849875
    0.490965172    3.290175078  -23.188097253
    0.494481210    3.274628363    8.319931123
    0.497997248    3.300130968    1.016741999
    0.501513287    3.245423647  -35.361814621
    0.505029325    3.048807789  -73.695586380
    0.508545363    2.763208119  -81.995849503
    0.512061401    2.515878597  -54.269893910
    0.515577439    2.400114421  -12.194020578
    0.519093478    2.415068737   16.682497864
    0.522609516    2.485636704   18.916772248
    0.526125554    2.520445896    1.057202072
    0.529641592    2.496834397  -11.595233254
    0.533157631    2.456618945   -8.862460455
    0.536673669    2.445599619    2.990497793
    0.540189707    2.483223877   16.087308519
    0.543705745    2.566918155   30.788857565
    0.547221783    2.702983714   47.764970614
    0.550737822    2.902815802   65.833674073
    0.554253860    3.150999293   72.662098342
    0.557769898    3.388331337   59.064459021
    0.561285936    3.554495743   33.675440404
    0.564801975    3.632851109   12.404510583
    0.568318013    3.671280964   14.508687426
    0.571834051    3.756940948   35.254419904
    0.575350089    3.918448399   54.232905579
    0.578866127    4.112961807   52.429161866
    0.582382166    4.261677620   27.351088962
    0.585898204    4.290232751  -11.547219020
    0.589414242    4.180878480  -50.314362550
    0.592930280    3.951591036  -77.769190701
    0.596446318    3.664102762  -80.616265925
    0.599962357    3.427437625  -47.121256321
    0.603478395    3.374009751   20.422370840
    0.606994433    3.586710839  101.197097202
    0.610510471    4.061848168  163.125581117
    0.614026510    4.681228242  184.186874846
    0.617542548    5.310235612  171.490719539
    0.621058586    5.885859211  156.538287159
    0.624574624    6.441810504  163.064489397
    0.628090662    7.059071383  191.721291476
    0.631606701    7.797883387  228.246832471
    0.635122739    8.648730684  255.569240054
    0.638638777    9.601544265  287.163724148
    0.642154815   10.671113669  322.014728916
    0.645670854   11.878179705  365.184124417
    0.649186892   13.232693025  403.920514332
    0.652702930   14.705038546  428.786565971
    0.656218968   16.224103700  434.798426252
    0.659735006   17.760696343  441.176621941
    0.663251045   19.350103183  466.422521777
    0.666767083   21.068999236  513.164291562
    0.670283121   22.954691170  557.743793222
    0.673799159   24.965124743  580.010703687
    0.677315197   27.002023091  575.582297177
    0.680831236   29.009953982  568.283908765
    0.684347274   31.032966359  591.343555970
    0.687863312   33.217271031  657.851791778
    0.691379350   35.677729372  739.811243718
    0.694895389   38.371084380  780.283555640
    0.698411427   41.065609913  737.848683162
    0.701927465   43.461290312  613.230525688
    0.705443503   45.324157260  443.839669736
    0.708959541   46.591200395  281.028155306
    0.712475580   47.341785572  154.140771153
    0.715991618   47.730297352   73.695602795
    0.719507656   47.906840401   31.515433768
    0.723023694   47.977744755   11.509265196
    0.726539732   47.994843853    1.460374057
    0.730055771   47.996207839   -0.000000000
    0.733571809   47.996207839   -0.000000000
    0.737087847   47.996207839   -0.000000000
    0.740603885   47.996207839   -0.000000000
    0.744119924   47.996207839   -0.000000000
    0.747635962   47.996207839   -0.000000000
    0.751152000   47.996207839   -0.000000000
