#! FIELDS dist file.free der_dist
#! SET min_dist 0.199134
#! SET max_dist 0.751152
#! SET nbins_dist  158
#! SET periodic_dist false
    0.199134000   30.714198331   -0.000000000
    0.202650038   30.714198331   -0.000000000
    0.206166076   30.714198331   -0.000000000
    0.209682115   30.714198331   -0.000000000
    0.213198153   30.714198331   -0.000000000
    0.216714191   30.713743659   -1.005864820
    0.220230229   30.697437560   -9.992238715
    0.223746268   30.629688771  -31.353710076
    0.227262306   30.446206775  -79.758265766
    0.230778344   30.016076684 -174.973135538
    0.234294382   29.141865299 -333.965433457
    0.237810420   27.583770364 -563.422714180
    0.241326459   25.131019338 -834.555220835
    0.244842497   21.725612409 -1093.594030078
    0.248358535   17.544189749 -1264.127210301
    0.251874573   13.007670521 -1289.428790987
    0.255390611    8.661869957 -1161.106629908
    0.258906650    4.986254386 -914.438008745
    0.262422688    2.295781076 -612.986440181
    0.265938726    0.668061397 -318.193879803
    0.269454764    0.000000000  -72.448041995
    0.272970803    0.077857361  103.246876263
    0.276486841    0.630570493  197.722876599
    0.280002879    1.383041429  219.657845461
    0.283518917    2.119323370  194.215835751
    0.287034955    2.736525620  157.348548903
    0.290550994    3.252165031  143.223414623
    0.294067032    3.794873361  171.988706960
    0.297583070    4.495971208  229.151872815
    0.301099108    5.414157044  290.281341717
    0.304615146    6.498176834  319.175921290
    0.308131185    7.593321180  294.274577613
    0.311647223    8.518681460  228.791589372
    0.315163261    9.185805423  153.654941608
    0.318679299    9.639733461  112.272303503
    0.322195338   10.024258516  112.862737551
    0.325711376   10.455564404  132.614824930
    0.329227414   10.933175040  136.576600137
    0.332743452   11.376453801  109.349374036
    0.336259490   11.690841364   70.100175769
    0.339775529   11.898762498   53.732187804
    0.343291567   12.115238209   76.142526797
    0.346807605   12.459343439  121.896053153
    0.350323643   12.971163134  166.095537501
    0.353839682   13.600514177  186.358299764
    0.357355720   14.250676311  177.843591438
    0.360871758   14.830962547  148.669011326
    0.364387796   15.283781812  106.535337165
    0.367903834   15.577290911   60.642157991
    0.371419873   15.712539963   17.344005536
    0.374935911   15.703369649  -22.057916978
    0.378451949   15.550847465  -66.073012898
    0.381967987   15.233948963 -116.196539513
    0.385484025   14.724328700 -172.251304198
    0.389000064   14.046463097 -208.838036739
    0.392516102   13.297063196 -209.093862017
    0.396032140   12.620858373 -169.584240178
    0.399548178   12.130515905 -108.583932476
    0.403064217   11.848086266  -56.653165622
    0.406580255   11.702234882  -31.734094998
    0.410096293   11.587639750  -37.108252623
    0.413612331   11.418975087  -60.610726369
    0.417128369   11.153466696  -90.276276995
    0.420644408   10.793215041 -113.312564127
    0.424160446   10.373686644 -124.956781447
    0.427676484    9.930712608 -125.591216594
    0.431192522    9.491034480 -125.077062987
    0.434708561    9.044801239 -130.299872068
    0.438224599    8.571090142 -139.858798474
    0.441740637    8.069720244 -141.505577208
    0.445256675    7.601325434 -119.711116008
    0.448772713    7.263248082  -68.616915383
    0.452288752    7.135339879   -4.960879294
    0.455804790    7.209164945   43.702625785
    0.459320828    7.396741559   54.681234227
    0.462836866    7.549431038   26.500789454
    0.466352904    7.545742939  -31.051996861
    0.469868943    7.330649384  -91.238477385
    0.473384981    6.922428876 -137.995030234
    0.476901019    6.386470513 -161.204888606
    0.480417057    5.818071406 -154.202402239
    0.483933096    5.342997000 -110.096464504
    0.487449134    5.067460509  -44.375372020
    0.490965172    5.021559719   15.457809322
    0.494481210    5.132840318   39.284380208
    0.497997248    5.243881637   18.989191981
    0.501513287    5.245083998  -18.197316827
    0.505029325    5.139238710  -35.628743227
    0.508545363    5.052054787   -5.538421674
    0.512061401    5.140241520   58.253078453
    0.515577439    5.447549499  110.063859573
    0.519093478    5.853907125  110.396055134
    0.522609516    6.155866399   53.479145721
    0.526125554    6.197599029  -28.128953425
    0.529641592    5.984259105  -85.550335575
    0.533157631    5.653471082  -95.071235350
    0.536673669    5.359599220  -68.539042248
    0.540189707    5.188473359  -31.087325350
    0.543705745    5.142113805    2.083649841
    0.547221783    5.189859655   23.645686935
    0.550737822    5.295960161   34.957220160
    0.554253860    5.417475518   31.361247396
    0.557769898    5.494435384   10.543043808
    0.561285936    5.487921403  -13.914256157
    0.564801975    5.414277853  -24.857695400
    0.568318013    5.353103711   -4.194756991
    0.571834051    5.409947752   37.334474794
    0.575350089    5.607046742   71.176317208
    0.578866127    5.876779057   76.606106732
    0.582382166    6.114582598   54.425723089
    0.585898204    6.249726916   23.615299596
    0.589414242    6.296578275    5.383120582
    0.592930280    6.317848665   10.334034032
    0.596446318    6.394141927   36.456945899
    0.599962357    6.588590908   76.443183286
    0.603478395    6.933226125  117.947101866
    0.606994433    7.405718018  147.615211638
    0.610510471    7.940560688  151.261555104
    0.614026510    8.434089877  127.992817569
    0.617542548    8.822938437   94.681655774
    0.621058586    9.119140591   75.890371487
    0.624574624    9.388672374   79.632140822
    0.628090662    9.694792385   94.958401282
    0.631606701   10.056750036  110.072452427
    0.635122739   10.462460388  123.457477882
    0.638638777   10.960522295  165.840780831
    0.642154815   11.680724589  250.029946448
    0.645670854   12.758897614  367.570908646
    0.649186892   14.259403083  482.607384477
    0.652702930   16.111284070  561.513438801
    0.656218968   18.143478619  585.665439268
    0.659735006   20.176859916  565.535269494
    0.663251045   22.102494863  528.583727691
    0.666767083   23.894444769  490.530991539
    0.670283121   25.544002330  446.794701120
    0.673799159   27.021099586  389.767438494
    0.677315197   28.265803638  315.589102561
    0.680831236   29.231072266  232.059774284
    0.684347274   29.900073828  151.801855214
    0.687863312   30.313887609   87.658673746
    0.691379350   30.540320476   44.700204412
    0.694895389   30.649966921   20.046680747
    0.698411427   30.695009163    7.308856575
    0.701927465   30.711272993    2.625567243
    0.705443503   30.714198331   -0.000000000
    0.708959541   30.714198331   -0.000000000
    0.712475580   30.714198331   -0.000000000
    0.715991618   30.714198331   -0.000000000
    0.719507656   30.714198331   -0.000000000
    0.723023694   30.714198331   -0.000000000
    0.726539732   30.714198331   -0.000000000
    0.730055771   30.714198331   -0.000000000
    0.733571809   30.714198331   -0.000000000
    0.737087847   30.714198331   -0.000000000
    0.740603885   30.714198331   -0.000000000
    0.744119924   30.714198331   -0.000000000
    0.747635962   30.714198331   -0.000000000
    0.751152000   30.714198331   -0.000000000
