#! FIELDS dist file.free der_dist
#! SET min_dist 0.199134
#! SET max_dist 0.751152
#! SET nbins_dist  158
#! SET periodic_dist false
    0.199134000   43.850265672   -0.000000000
    0.202650038   43.850265672   -0.000000000
    0.206166076   43.848287175   -1.406322976
    0.209682115   43.836201500   -6.885203232
    0.213198153   43.790144631  -21.385310653
    0.216714191   43.660362270  -56.604128424
    0.220230229   43.346593311 -130.745109227
    0.223746268   42.677967560 -260.465598144
    0.227262306   41.427490731 -464.398829530
    0.230778344   39.324575329 -743.590575804
    0.234294382   36.141062713 -1071.565713562
    0.237810420   31.794543437 -1394.490545101
    0.241326459   26.437832256 -1631.709488916
    0.244842497   20.497471501 -1716.828127904
    0.248358535   14.589326042 -1612.100804961
    0.251874573    9.361209347 -1338.935942685
    0.255390611    5.285110834 -974.735649685
    0.258906650    2.512713260 -608.934093626
    0.262422688    0.919996209 -313.296903001
    0.265938726    0.193743578 -116.375162046
    0.269454764    0.000000000   -5.788688381
    0.272970803    0.091637581   50.002563303
    0.276486841    0.314408054   72.840376744
    0.280002879    0.584411233   78.781662099
    0.283518917    0.870373844   85.190012339
    0.287034955    1.192179388   99.579127148
    0.290550994    1.591707321  131.150323829
    0.294067032    2.137191870  180.624532507
    0.297583070    2.861860242  230.292441709
    0.301099108    3.751234738  272.586025684
    0.304615146    4.751594786  292.715397994
    0.308131185    5.776257297  285.531414519
    0.311647223    6.737953151  260.578876835
    0.315163261    7.595072641  228.108523886
    0.318679299    8.352281905  205.111705365
    0.322195338    9.044954262  189.236017202
    0.325711376    9.675045101  167.496483496
    0.329227414   10.202467122  132.591118905
    0.332743452   10.596560737   90.005190578
    0.336259490   10.855866098   61.795833303
    0.339775529   11.075287196   69.477004863
    0.343291567   11.377106872  105.925240373
    0.346807605   11.816395118  141.163924518
    0.350323643   12.332379799  144.622699892
    0.353839682   12.783520280  105.167765023
    0.357355720   13.033005550   32.350575878
    0.360871758   13.012611660  -43.031650088
    0.364387796   12.759607809  -96.094025845
    0.367903834   12.385636124 -109.376533091
    0.371419873   12.033878183  -85.397702054
    0.374935911   11.807514334  -42.538423036
    0.378451949   11.716907114  -12.806040867
    0.381967987   11.684652469  -12.586724666
    0.385484025   11.588154005  -45.659466318
    0.389000064   11.356251911  -85.756248014
    0.392516102   10.999358742 -112.211472370
    0.396032140   10.591715701 -115.179560547
    0.399548178   10.208938023 -102.364811590
    0.403064217    9.872664647  -91.456326689
    0.406580255    9.553417689  -92.976246915
    0.410096293    9.198198715 -110.535290215
    0.413612331    8.761534556 -138.082010468
    0.417128369    8.227940631 -164.391184957
    0.420644408    7.622574685 -176.660327811
    0.424160446    7.021901053 -161.307467910
    0.427676484    6.519918873 -120.839361019
    0.431192522    6.179670291  -73.889533022
    0.434708561    5.982471852  -42.738344556
    0.438224599    5.842455227  -43.836492370
    0.441740637    5.641981239  -72.741983656
    0.445256675    5.323623514 -106.814931027
    0.448772713    4.915000437 -121.155439790
    0.452288752    4.507725221 -107.508950277
    0.455804790    4.181622515  -74.059926467
    0.459320828    3.991589235  -35.429548563
    0.462836866    3.926427559   -2.939276689
    0.466352904    3.946836826   12.356949359
    0.469868943    3.995980794   11.102648175
    0.473384981    4.004813312   -9.236823684
    0.476901019    3.909062523  -45.833285250
    0.480417057    3.677055341  -80.856098466
    0.483933096    3.370893145  -86.417605413
    0.487449134    3.110818361  -55.864760486
    0.490965172    2.995735601   -8.612135052
    0.494481210    3.031989388   22.881875404
    0.497997248    3.105123298   13.220803500
    0.501513287    3.087192203  -26.489170349
    0.505029325    2.918136120  -66.285500695
    0.508545363    2.661425442  -72.366244205
    0.512061401    2.457618973  -38.598534247
    0.515577439    2.409116733   10.370186533
    0.519093478    2.511907360   43.389893991
    0.522609516    2.677193674   45.327841734
    0.526125554    2.798891200   23.638439666
    0.529641592    2.843044383    4.098664468
    0.533157631    2.842681098   -2.135315115
    0.536673669    2.838563435    0.311127771
    0.540189707    2.851403473    5.067556510
    0.543705745    2.888121226   16.036438004
    0.547221783    2.977063695   36.975607115
    0.550737822    3.156720250   66.060851991
    0.554253860    3.430783588   87.098224183
    0.557769898    3.739750492   84.263446425
    0.561285936    4.000830131   60.811151907
    0.564801975    4.164294599   32.199757714
    0.568318013    4.250479990   21.702482697
    0.571834051    4.340111199   30.961766103
    0.575350089    4.473034279   43.333101473
    0.578866127    4.624548713   39.329746173
    0.582382166    4.727078659   14.597391861
    0.585898204    4.712689318  -22.926485428
    0.589414242    4.567732340  -59.047077823
    0.592930280    4.315814793  -81.256729214
    0.596446318    4.028997084  -76.370517562
    0.599962357    3.821327881  -34.734865875
    0.603478395    3.823700878   39.326774577
    0.606994433    4.110098749  123.290647403
    0.610510471    4.661835385  183.444772726
    0.614026510    5.340818475  196.596310274
    0.617542548    5.989957871  169.834996649
    0.621058586    6.528590900  136.970360780
    0.624574624    6.984980550  126.893658801
    0.628090662    7.457164255  147.143998731
    0.631606701    8.044628163  189.036247869
    0.635122739    8.786087770  233.908495766
    0.638638777    9.703650622  288.878632199
    0.642154815   10.816610142  344.375705802
    0.645670854   12.123135076  397.574723521
    0.649186892   13.588553747  432.322451922
    0.652702930   15.138045931  443.342296391
    0.656218968   16.687100642  437.555842879
    0.659735006   18.221823072  439.515463939
    0.663251045   19.820105867  475.998159217
    0.666767083   21.614305636  548.319500119
    0.670283121   23.678694336  624.094191408
    0.673799159   25.966215076  668.103566356
    0.677315197   28.313475542  658.127435632
    0.680831236   30.544295687  605.262161113
    0.684347274   32.557977407  543.663526004
    0.687863312   34.392097608  505.846260860
    0.691379350   36.147703818  495.923900515
    0.694895389   37.880847315  486.944329745
    0.698411427   39.537599046  449.782650659
    0.701927465   40.998603998  375.176111996
    0.705443503   42.144395341  275.054860637
    0.708959541   42.936838259  177.617412653
    0.712475580   43.414811715   99.442864035
    0.715991618   43.668576112   48.929026813
    0.719507656   43.786870300   21.373775331
    0.723023694   43.835670846    8.169946715
    0.726539732   43.848901686    1.460374057
    0.730055771   43.850265672   -0.000000000
    0.733571809   43.850265672   -0.000000000
    0.737087847   43.850265672   -0.000000000
    0.740603885   43.850265672   -0.000000000
    0.744119924   43.850265672   -0.000000000
    0.747635962   43.850265672   -0.000000000
    0.751152000   43.850265672   -0.000000000
