#! FIELDS dist file.free der_dist
#! SET min_dist 0.199134
#! SET max_dist 0.751152
#! SET nbins_dist  158
#! SET periodic_dist false
    0.199134000   37.840404935   -0.000000000
    0.202650038   37.840404935   -0.000000000
    0.206166076   37.840404935   -0.000000000
    0.209682115   37.838572754   -1.434490901
    0.213198153   37.828213936   -5.109565597
    0.216714191   37.791192524  -17.763660342
    0.220230229   37.680762634  -50.028726782
    0.223746268   37.404189833 -113.968980433
    0.227262306   36.818449675 -230.063219689
    0.230778344   35.706910982 -415.003052209
    0.234294382   33.817582609 -670.226899465
    0.237810420   30.937084533 -972.922859080
    0.241326459   26.992464804 -1262.301804791
    0.244842497   22.158457119 -1466.017488117
    0.248358535   16.865316651 -1515.381947836
    0.251874573   11.711010649 -1388.698771229
    0.255390611    7.266440193 -1124.811126341
    0.258906650    3.881457308 -796.442835555
    0.262422688    1.651313841 -479.877751623
    0.265938726    0.437259373 -222.849421296
    0.269454764    0.000000000  -37.488375873
    0.272970803    0.102861917   85.502582679
    0.276486841    0.538206214  153.957529688
    0.280002879    1.131784346  177.518865762
    0.283518917    1.753574313  173.480463641
    0.287034955    2.342047708  160.962807613
    0.290550994    2.901980289  161.728992515
    0.294067032    3.511061916  188.399824734
    0.297583070    4.243165795  228.798305421
    0.301099108    5.124412732  270.172402509
    0.304615146    6.119641466  291.967697540
    0.308131185    7.141724575  284.193755223
    0.311647223    8.094897460  257.436948808
    0.315163261    8.944086309  227.774179076
    0.318679299    9.714648034  213.992487788
    0.322195338   10.460269929  210.727261962
    0.325711376   11.186177743  198.978852933
    0.329227414   11.829591737  165.342796329
    0.332743452   12.328745644  116.086471379
    0.336259490   12.667110957   81.085744385
    0.339775529   12.952044100   89.332856984
    0.343291567   13.341828726  137.919645514
    0.346807605   13.926398311  192.293307646
    0.350323643   14.653519918  211.923736861
    0.353839682   15.346738217  171.906613605
    0.357355720   15.802198122   79.401781612
    0.360871758   15.890764248  -29.724547511
    0.364387796   15.624264054 -115.627094224
    0.367903834   15.145376785 -145.856006555
    0.371419873   14.668102590 -116.597495728
    0.374935911   14.369674885  -50.367098979
    0.378451949   14.301844901    6.860472872
    0.381967987   14.371938262   23.678562079
    0.385484025   14.408098693   -9.168438729
    0.389000064   14.285230956  -61.381514959
    0.392516102   13.989931309 -100.996601871
    0.396032140   13.609015560 -110.317300820
    0.399548178   13.242079167  -97.382656495
    0.403064217   12.926974913  -84.760119660
    0.406580255   12.627838447  -89.185249578
    0.410096293   12.274216089 -113.574217826
    0.413612331   11.813179214 -148.343879691
    0.417128369   11.236817681 -177.356623412
    0.420644408   10.591555633 -185.619581805
    0.424160446    9.967307279 -165.977389445
    0.427676484    9.453236803 -123.926163451
    0.431192522    9.093921970  -83.124812995
    0.434708561    8.846065211  -62.817715611
    0.438224599    8.616614311  -73.313906989
    0.441740637    8.305927160 -103.970061714
    0.445256675    7.890032103 -129.230209931
    0.448772713    7.427741818 -128.900836388
    0.452288752    7.017477037 -101.969743972
    0.455804790    6.722547686  -63.411644403
    0.459320828    6.564479495  -29.412420578
    0.462836866    6.502977075   -7.846565958
    0.466352904    6.482327183   -6.083702982
    0.469868943    6.447314071  -17.324520707
    0.473384981    6.350284974  -39.572162029
    0.476901019    6.158338830  -68.652315940
    0.480417057    5.868993931  -90.275139384
    0.483933096    5.553042326  -83.798723957
    0.487449134    5.309359403  -50.927367953
    0.490965172    5.198561925  -13.143063342
    0.494481210    5.188893196    0.844445314
    0.497997248    5.156009325  -24.199279216
    0.501513287    4.991009040  -70.479449286
    0.505029325    4.674838081 -104.110061729
    0.508545363    4.309540916  -95.422018377
    0.512061401    4.052108163  -46.470285098
    0.515577439    3.994164193   11.607028915
    0.519093478    4.104482285   45.220390372
    0.522609516    4.268815126   42.907077850
    0.526125554    4.377158661   19.535331451
    0.529641592    4.416342352    6.934881390
    0.533157631    4.451574798   16.018073809
    0.536673669    4.543416682   36.101754313
    0.540189707    4.703340148   50.585235899
    0.543705745    4.893840235   55.149361201
    0.547221783    5.084363312   53.223906310
    0.550737822    5.263594875   48.921224165
    0.554253860    5.419447397   38.276489849
    0.557769898    5.516980605   15.791440406
    0.561285936    5.528247599   -9.555343129
    0.564801975    5.467582558  -22.302158210
    0.568318013    5.407815706   -5.661585912
    0.571834051    5.456558938   35.143431805
    0.575350089    5.654450222   74.946488498
    0.578866127    5.953160394   89.762557903
    0.582382166    6.249293253   72.704148511
    0.585898204    6.439192255   34.080024770
    0.589414242    6.484663426   -7.972120223
    0.592930280    6.402071368  -35.674275474
    0.596446318    6.266731956  -36.139297941
    0.599962357    6.186256523   -3.959093467
    0.603478395    6.266619312   51.159924110
    0.606994433    6.550134089  108.587769190
    0.610510471    6.999781520  140.909405878
    0.614026510    7.495376515  137.536250048
    0.617542548    7.935428824  113.207728922
    0.621058586    8.304897883   99.560602928
    0.624574624    8.673920594  114.393598620
    0.628090662    9.134260610  150.518635108
    0.631606701    9.738562736  192.365290315
    0.635122739   10.470453251  223.872793769
    0.638638777   11.322897064  262.849501006
    0.642154815   12.336550185  315.442967295
    0.645670854   13.557257091  380.659578340
    0.649186892   15.004075825  440.126159899
    0.652702930   16.631944278  481.098094408
    0.656218968   18.364557451  502.750902698
    0.659735006   20.161438279  521.535508126
    0.663251045   22.058806059  561.638362550
    0.666767083   24.133736510  619.152190896
    0.670283121   26.392308805  660.431455670
    0.673799159   28.720538814  652.543625093
    0.677315197   30.903559111  578.603528094
    0.680831236   32.730693213  454.333246635
    0.684347274   34.081411154  317.275199010
    0.687863312   34.989614089  207.373987388
    0.691379350   35.594616335  144.800198545
    0.694895389   36.053950880  120.955628077
    0.698411427   36.464663059  114.391122561
    0.701927465   36.856290703  106.690078167
    0.705443503   37.199738734   87.654897054
    0.708959541   37.467018894   63.752885878
    0.712475580   37.647349090   39.550872467
    0.715991618   37.752708529   21.471011200
    0.719507656   37.806290321   10.073802977
    0.723023694   37.829940721    4.107096031
    0.726539732   37.839040949    1.460374057
    0.730055771   37.840404935   -0.000000000
    0.733571809   37.840404935   -0.000000000
    0.737087847   37.840404935   -0.000000000
    0.740603885   37.840404935   -0.000000000
    0.744119924   37.840404935   -0.000000000
    0.747635962   37.840404935   -0.000000000
    0.751152000   37.840404935   -0.000000000
