#! FIELDS dist file.free der_dist
#! SET min_dist 0.199134
#! SET max_dist 0.751152
#! SET nbins_dist  158
#! SET periodic_dist false
    0.199134000   41.093570126   -0.000000000
    0.202650038   41.093570126   -0.000000000
    0.206166076   41.093107831   -0.536741260
    0.209682115   41.086495681   -4.308235263
    0.213198153   41.057791464  -13.609647125
    0.216714191   40.971754889  -38.514202775
    0.220230229   40.751744833  -93.968319433
    0.223746268   40.259952360 -194.892937658
    0.227262306   39.304737170 -360.808293625
    0.230778344   37.638891772 -598.851061504
    0.234294382   35.026709739 -893.781400624
    0.237810420   31.333776341 -1205.076476036
    0.241326459   26.618577606 -1461.632794116
    0.244842497   21.195706117 -1597.023975871
    0.248358535   15.589612940 -1561.773997156
    0.251874573   10.412293324 -1358.646956508
    0.255390611    6.169759631 -1045.247720386
    0.258906650    3.104140368 -699.534639846
    0.262422688    1.205193965 -391.973776817
    0.265938726    0.260825126 -158.786093603
    0.269454764    0.000000000   -1.075525213
    0.272970803    0.187225047   97.962172898
    0.276486841    0.634140952  149.124030789
    0.280002879    1.191309958  162.511138650
    0.283518917    1.755725720  156.996482901
    0.287034955    2.289930240  147.348627446
    0.290550994    2.810559041  152.509012880
    0.294067032    3.390695808  180.124109485
    0.297583070    4.084809643  214.361933754
    0.301099108    4.897098032  245.004808730
    0.304615146    5.781939298  254.709922691
    0.308131185    6.654952055  237.470563308
    0.311647223    7.433875082  205.639005290
    0.315163261    8.096072726  173.621880084
    0.318679299    8.674816392  159.319178142
    0.322195338    9.231104997  157.986871545
    0.325711376    9.781567145  153.280310364
    0.329227414   10.289318743  135.544330543
    0.332743452   10.723980468  110.069105768
    0.336259490   11.086626058  100.458101178
    0.339775529   11.473785701  125.953725522
    0.343291567   12.000609531  176.539341939
    0.346807605   12.702722358  218.699457915
    0.350323643   13.491204052  220.640616163
    0.353839682   14.194214810  170.947864220
    0.357355720   14.648551193   82.131465820
    0.360871758   14.769851018  -12.719888223
    0.364387796   14.589400346  -84.703526996
    0.367903834   14.230382363 -110.610893752
    0.371419873   13.868507427  -87.560607420
    0.374935911   13.651767170  -32.955437981
    0.378451949   13.626139365   14.450982881
    0.381967987   13.714498214   26.945439191
    0.385484025   13.755322994  -10.382257402
    0.389000064   13.610406125  -74.299651851
    0.392516102   13.235221387 -134.879300908
    0.396032140   12.693052561 -167.265250888
    0.399548178   12.100850344 -165.786638673
    0.403064217   11.555028287 -143.540390351
    0.406580255   11.099012628 -116.984517562
    0.410096293   10.717504780 -101.747926441
    0.413612331   10.359328173 -104.240408635
    0.417128369    9.968026572 -119.741696991
    0.420644408    9.518374182 -134.750408849
    0.424160446    9.045828890 -131.156423571
    0.427676484    8.627520596 -102.741562898
    0.431192522    8.336095138  -63.317030097
    0.434708561    8.174401592  -32.183404594
    0.438224599    8.079756067  -27.697428937
    0.441740637    7.948939515  -49.421904068
    0.445256675    7.721370045  -79.083555298
    0.448772713    7.410008193  -94.586202075
    0.452288752    7.085805616  -87.468579225
    0.455804790    6.812071728  -64.793893880
    0.459320828    6.633453130  -38.364259467
    0.462836866    6.535228719  -19.237121920
    0.466352904    6.469891570  -20.684564961
    0.469868943    6.369878010  -41.077634990
    0.473384981    6.162795963  -78.879022292
    0.476901019    5.804070327 -123.325313215
    0.480417057    5.310772978 -148.792111379
    0.483933096    4.809921273 -126.766511895
    0.487449134    4.472048437  -59.196627179
    0.490965172    4.405598785   20.313044978
    0.494481210    4.575957341   67.145815728
    0.497997248    4.804152865   54.557642380
    0.501513287    4.907156877   -0.092146791
    0.505029325    4.801926860  -56.096503805
    0.508545363    4.558837315  -73.799604833
    0.512061401    4.335620738  -47.743160493
    0.515577439    4.243394866   -5.313041470
    0.519093478    4.278648486   20.890649546
    0.522609516    4.356976191   19.435720558
    0.526125554    4.394197180    3.237378948
    0.529641592    4.391419845   -0.649342349
    0.533157631    4.411505621   14.346145955
    0.536673669    4.499414839   34.761082931
    0.540189707    4.647603828   44.915766617
    0.543705745    4.810450709   45.382789142
    0.547221783    4.963816140   42.528453593
    0.550737822    5.109719205   40.870829109
    0.554253860    5.242952948   33.275078544
    0.557769898    5.325711134   11.782310153
    0.561285936    5.319691007  -15.961072892
    0.564801975    5.227562094  -34.070520908
    0.568318013    5.114363857  -24.446814572
    0.571834051    5.081835753    7.380899624
    0.575350089    5.165088589   37.460916925
    0.578866127    5.317653635   44.756272410
    0.582382166    5.450510530   26.286919152
    0.585898204    5.487427779   -5.097702603
    0.589414242    5.418752011  -33.009332774
    0.592930280    5.275899630  -45.350477301
    0.596446318    5.128193573  -34.381455123
    0.599962357    5.067789564    5.402198395
    0.603478395    5.195535102   69.488042057
    0.606994433    5.567085855  141.808904689
    0.610510471    6.169374362  195.433686259
    0.614026510    6.894669512  212.745635766
    0.617542548    7.620023881  197.669820353
    0.621058586    8.278777174  176.783874459
    0.624574624    8.883484323  169.565913840
    0.628090662    9.491990112  179.829463759
    0.631606701   10.159658408  200.723034952
    0.635122739   10.900000757  222.125600408
    0.638638777   11.739744792  257.687263090
    0.642154815   12.728099441  306.336847929
    0.645670854   13.904756718  363.682170721
    0.649186892   15.274809690  413.407130017
    0.652702930   16.794105677  446.454331838
    0.656218968   18.399070171  465.549369656
    0.659735006   20.069069346  487.065060003
    0.663251045   21.852083656  530.783786568
    0.666767083   23.822853551  590.145779876
    0.670283121   25.979105757  631.048081063
    0.673799159   28.204773949  624.331500021
    0.677315197   30.302079420  560.272998387
    0.680831236   32.104122380  461.480651845
    0.684347274   33.551665000  368.084509994
    0.687863312   34.734224425  313.409933353
    0.691379350   35.807252864  302.710417686
    0.694895389   36.882045900  308.534518887
    0.698411427   37.959311258  300.537519708
    0.701927465   38.960264409  263.451413598
    0.705443503   39.781177394  201.421252574
    0.708959541   40.371696659  134.706647024
    0.712475580   40.740610084   78.162184910
    0.715991618   40.942776480   39.390283439
    0.719507656   41.038942312   17.591930768
    0.723023694   41.079457934    6.861416608
    0.726539732   41.092206139    1.460374057
    0.730055771   41.093570126   -0.000000000
    0.733571809   41.093570126   -0.000000000
    0.737087847   41.093570126   -0.000000000
    0.740603885   41.093570126   -0.000000000
    0.744119924   41.093570126   -0.000000000
    0.747635962   41.093570126   -0.000000000
    0.751152000   41.093570126   -0.000000000
