#! FIELDS dist file.free der_dist
#! SET min_dist 0.199134
#! SET max_dist 0.751152
#! SET nbins_dist  158
#! SET periodic_dist false
    0.199134000   45.756053359   -0.000000000
    0.202650038   45.756053359   -0.000000000
    0.206166076   45.754074862   -1.406322976
    0.209682115   45.741989187   -6.885203232
    0.213198153   45.695605024  -21.611530896
    0.216714191   45.563809250  -57.780804736
    0.220230229   45.243095730 -133.760579369
    0.223746268   44.557677135 -267.443010932
    0.227262306   43.271299523 -478.414745189
    0.230778344   41.101378538 -768.312522034
    0.234294382   37.808076909 -1109.566889996
    0.237810420   33.304383183 -1445.518297075
    0.241326459   27.751016213 -1691.485706685
    0.244842497   21.595422515 -1778.208694323
    0.248358535   15.479307310 -1667.984684952
    0.251874573   10.070285254 -1385.924482488
    0.255390611    5.843476298 -1014.095601166
    0.258906650    2.939909679 -644.987295850
    0.262422688    1.219898771 -350.157215266
    0.265938726    0.360992692 -154.843554605
    0.269454764    0.032235180  -43.450848474
    0.272970803    0.000000000   18.134333512
    0.276486841    0.128560919   51.836500510
    0.280002879    0.348744345   71.754696963
    0.283518917    0.633855744   91.329832117
    0.287034955    0.995149914  114.994306825
    0.290550994    1.456338420  149.729600695
    0.294067032    2.063390645  196.007584201
    0.297583070    2.829765831  238.154060750
    0.301099108    3.731334167  271.700706556
    0.304615146    4.715115889  284.753931843
    0.308131185    5.705829334  275.124348944
    0.311647223    6.635546316  253.891938476
    0.315163261    7.484616254  231.031326662
    0.318679299    8.274962077  221.125544690
    0.322195338    9.045229221  216.517361630
    0.325711376    9.781387615  199.175181382
    0.329227414   10.414036172  159.347347062
    0.332743452   10.882044471  104.460393300
    0.336259490   11.165429203   61.461565706
    0.339775529   11.363348448   58.864920094
    0.343291567   11.622615326   93.902542375
    0.346807605   12.028824474  135.175602210
    0.350323643   12.538302033  146.674940220
    0.353839682   13.004494120  110.509624831
    0.357355720   13.267903549   34.044265225
    0.360871758   13.240693746  -48.650142479
    0.364387796   12.959937730 -105.167266841
    0.367903834   12.559419271 -113.949980160
    0.371419873   12.210647072  -78.507634266
    0.374935911   12.030599310  -23.575300679
    0.378451949   12.020352120   12.722834743
    0.381967987   12.077648597   11.653903395
    0.385484025   12.054905377  -28.603089465
    0.389000064   11.867567594  -77.643624904
    0.392516102   11.524537283 -112.092187429
    0.396032140   11.107493357 -120.127559987
    0.399548178   10.702555252 -109.479404197
    0.403064217   10.341385901  -98.138791853
    0.406580255   10.000504337  -98.216045824
    0.410096293    9.629765667 -114.398554696
    0.413612331    9.180787815 -141.471244460
    0.417128369    8.634935704 -168.067237308
    0.420644408    8.016653762 -180.168200757
    0.424160446    7.405626309 -163.487808990
    0.427676484    6.899454023 -120.874177160
    0.431192522    6.562560342  -72.040939729
    0.434708561    6.373872271  -40.098493862
    0.438224599    6.242673125  -41.596694959
    0.441740637    6.049628660  -70.620438526
    0.445256675    5.740980020 -102.956756170
    0.448772713    5.353602118 -112.446506661
    0.452288752    4.989843228  -91.152442176
    0.455804790    4.735053414  -50.175384291
    0.459320828    4.637772649   -7.603068105
    0.462836866    4.667537357   22.096928714
    0.466352904    4.760189642   27.232260814
    0.469868943    4.835566171   10.532968470
    0.473384981    4.813095891  -26.257381079
    0.476901019    4.632432292  -76.181446951
    0.480417057    4.279430639 -118.062027914
    0.483933096    3.841901413 -122.603821711
    0.487449134    3.466594176  -84.267968635
    0.490965172    3.272114100  -25.196295534
    0.494481210    3.271722780   18.328929125
    0.497997248    3.345115749   17.030601482
    0.501513287    3.346430871  -20.529879399
    0.505029325    3.193094773  -64.217271746
    0.508545363    2.930442578  -78.043366075
    0.512061401    2.692083055  -52.449404727
    0.515577439    2.584763181   -8.510535992
    0.519093478    2.619032039   24.053847236
    0.522609516    2.722097797   29.854598586
    0.526125554    2.799535215   14.194859799
    0.529641592    2.822876016    1.660566729
    0.533157631    2.826114810    2.214851686
    0.536673669    2.847134224    9.905364257
    0.540189707    2.899718524   17.475742033
    0.543705745    2.979262825   27.206349661
    0.547221783    3.097637912   41.833682577
    0.550737822    3.277817569   61.177972359
    0.554253860    3.516673823   72.139722681
    0.557769898    3.759260155   62.140296166
    0.561285936    3.937498025   36.677376965
    0.564801975    4.019301087   10.669823814
    0.568318013    4.039301769    5.797754587
    0.571834051    4.083518948   20.924460337
    0.575350089    4.190368558   38.183281188
    0.578866127    4.330211842   37.619903312
    0.582382166    4.430037876   14.225094488
    0.585898204    4.413231170  -24.409083853
    0.589414242    4.256939587  -64.277919381
    0.592930280    3.977721536  -91.756147159
    0.596446318    3.645222141  -91.579876143
    0.599962357    3.380256320  -51.447384162
    0.603478395    3.327935726   25.723070851
    0.606994433    3.578343519  117.341880696
    0.610510471    4.127548431  188.553518955
    0.614026510    4.845868924  213.900594066
    0.617542548    5.575346879  197.504251219
    0.621058586    6.222155978  169.581389151
    0.624574624    6.790298331  155.984845443
    0.628090662    7.343351458  162.390278107
    0.631606701    7.946251519  181.663172662
    0.635122739    8.616861873  201.476043608
    0.638638777    9.383589551  237.334208363
    0.642154815   10.299140792  285.682592154
    0.645670854   11.407766563  345.931751263
    0.649186892   12.720268545  398.328386017
    0.652702930   14.187135726  430.120566596
    0.656218968   15.720540865  441.120748137
    0.659735006   17.288431186  453.612003820
    0.663251045   18.944554415  493.837123703
    0.666767083   20.802198993  566.223603176
    0.670283121   22.928842038  641.748065034
    0.673799159   25.280805540  687.724420424
    0.677315197   27.707232163  684.636497809
    0.680831236   30.053977330  646.169835140
    0.684347274   32.248203344  606.443461678
    0.687863312   34.347109772  593.313944052
    0.691379350   36.446552725  602.230783172
    0.694895389   38.568073535  598.633670817
    0.698411427   40.603521062  550.989303086
    0.701927465   42.383358846  454.096664929
    0.705443503   43.761286946  328.360029525
    0.708959541   44.700607954  208.949084620
    0.712475580   45.259689219  115.340897216
    0.715991618   45.551788274   55.989052023
    0.719507656   45.686423653   24.158862747
    0.723023694   45.740900452    8.844201356
    0.726539732   45.754689373    1.460374057
    0.730055771   45.756053359   -0.000000000
    0.733571809   45.756053359   -0.000000000
    0.737087847   45.756053359   -0.000000000
    0.740603885   45.756053359   -0.000000000
    0.744119924   45.756053359   -0.000000000
    0.747635962   45.756053359   -0.000000000
    0.751152000   45.756053359   -0.000000000
