#! FIELDS dist file.free der_dist
#! SET min_dist 0.199134
#! SET max_dist 0.751152
#! SET nbins_dist  158
#! SET periodic_dist false
    0.199134000   47.533158509   -0.000000000
    0.202650038   47.533158509   -0.000000000
    0.206166076   47.531161036   -1.654442761
    0.209682115   47.517493060   -7.611161748
    0.213198153   47.464395937  -24.817629767
    0.216714191   47.313218724  -66.187499920
    0.220230229   46.947108121 -152.144537101
    0.223746268   46.169974568 -302.497970038
    0.227262306   44.720759018 -536.957575989
    0.230778344   42.298445251 -853.365059193
    0.234294382   38.665208262 -1216.163761767
    0.237810420   33.769157205 -1558.893258423
    0.241326459   27.835975431 -1790.515651921
    0.244842497   21.386577114 -1843.755699628
    0.248358535   15.113677368 -1691.405839578
    0.251874573    9.690048712 -1372.877546676
    0.255390611    5.550203461 -980.802859747
    0.258906650    2.772187558 -609.695248752
    0.262422688    1.159822904 -325.592596546
    0.265938726    0.361242206 -145.041837658
    0.269454764    0.045696814  -44.717860877
    0.272970803    0.000000000   12.977365787
    0.276486841    0.113347312   49.093981972
    0.280002879    0.332401961   74.071746589
    0.283518917    0.631045333   96.194583973
    0.287034955    1.006382436  117.147628741
    0.290550994    1.461777536  143.642134343
    0.294067032    2.029508999  179.636606587
    0.297583070    2.722370870  213.626958180
    0.301099108    3.531633092  244.858657805
    0.304615146    4.426805106  262.159527763
    0.308131185    5.351784296  260.701415993
    0.311647223    6.246482833  248.161835997
    0.315163261    7.087076582  231.342715755
    0.318679299    7.884286826  224.393162808
    0.322195338    8.668847021  221.415958389
    0.325711376    9.425831308  206.563225166
    0.329227414   10.091740806  171.207661202
    0.332743452   10.609870540  120.958884498
    0.336259490   10.955824175   79.718575808
    0.339775529   11.214200222   74.131444522
    0.343291567   11.516341608  102.774022407
    0.346807605   11.942462876  138.147320195
    0.350323643   12.458342749  148.212125266
    0.353839682   12.933976317  114.889715642
    0.357355720   13.220072002   42.303184570
    0.360871758   13.223710343  -40.396235449
    0.364387796   12.962509694 -103.495932280
    0.367903834   12.547816759 -124.088287737
    0.371419873   12.140990287 -101.031263493
    0.374935911   11.865899006  -54.035570901
    0.378451949   11.746836596  -17.169742075
    0.381967987   11.714273248   -8.136160294
    0.385484025   11.649672516  -32.021938229
    0.389000064   11.482143876  -63.238247486
    0.392516102   11.214793715  -84.592688947
    0.396032140   10.905452380  -87.834700384
    0.399548178   10.610279210  -80.494217829
    0.403064217   10.337031680  -77.600001553
    0.406580255   10.051359443  -87.387616099
    0.410096293    9.704127889 -111.387980513
    0.413612331    9.256857007 -142.890357370
    0.417128369    8.703325936 -170.502048310
    0.420644408    8.077848238 -181.738385578
    0.424160446    7.461484796 -165.428037489
    0.427676484    6.942107584 -127.174778568
    0.431192522    6.569458656  -86.739053114
    0.434708561    6.311939274  -64.308317554
    0.438224599    6.083968545  -71.550074367
    0.441740637    5.784794941  -99.995387967
    0.445256675    5.381126911 -127.075733564
    0.448772713    4.920909788 -129.776939742
    0.452288752    4.506148635 -103.258726104
    0.455804790    4.214058034  -59.782840797
    0.459320828    4.084544618  -16.428704016
    0.462836866    4.083518442   13.630661566
    0.466352904    4.149007274   20.597376175
    0.469868943    4.208545388    8.955240517
    0.473384981    4.195581804  -18.588590869
    0.476901019    4.061650432  -57.238545025
    0.480417057    3.792750137  -90.062788889
    0.483933096    3.459009374  -93.069975235
    0.487449134    3.176653767  -62.442733148
    0.490965172    3.034402959  -17.874077007
    0.494481210    3.032783436   10.783173286
    0.497997248    3.061097037    0.124511260
    0.501513287    2.997544620  -39.390970453
    0.505029325    2.781947948  -80.308809100
    0.508545363    2.470141670  -90.079047934
    0.512061401    2.194275541  -62.079168220
    0.515577439    2.054678240  -17.567514532
    0.519093478    2.058129683   15.800048939
    0.522609516    2.135193563   23.515738970
    0.526125554    2.194937934   10.355603939
    0.529641592    2.208871134   -0.016908267
    0.533157631    2.208195449    1.460304954
    0.536673669    2.226746744    9.142966009
    0.540189707    2.276779492   17.043372362
    0.543705745    2.356135523   27.720964861
    0.547221783    2.478363390   43.460173844
    0.550737822    2.665178252   63.117624084
    0.554253860    2.909297715   73.157888881
    0.557769898    3.154054114   62.619705335
    0.561285936    3.336003659   38.811628057
    0.564801975    3.432498842   17.316069043
    0.568318013    3.485885652   17.974011332
    0.571834051    3.580556572   36.920523020
    0.575350089    3.744781214   54.152838399
    0.578866127    3.935966275   50.580035384
    0.582382166    4.074775329   23.510925214
    0.585898204    4.085902665  -17.632697910
    0.589414242    3.951642250  -58.325762148
    0.592930280    3.691909946  -86.871967435
    0.596446318    3.372498007  -89.392716106
    0.599962357    3.107754097  -54.039206772
    0.603478395    3.034383758   16.107125894
    0.606994433    3.237045340   99.810477199
    0.610510471    3.712033732  164.377550982
    0.614026510    4.339518624  187.429142412
    0.617542548    4.982303882  175.909048969
    0.621058586    5.574206602  161.225918805
    0.624574624    6.145236200  166.739466226
    0.628090662    6.772228895  193.481017131
    0.631606701    7.513729670  228.157913934
    0.635122739    8.362785729  254.968630283
    0.638638777    9.315742387  288.198318736
    0.642154815   10.394378597  326.408688873
    0.645670854   11.622574979  372.574220423
    0.649186892   13.005284894  412.061901109
    0.652702930   14.503400960  434.923396835
    0.656218968   16.038430938  437.754029476
    0.659735006   17.581444666  442.230877186
    0.663251045   19.174888164  468.060976293
    0.666767083   20.902883901  516.703643414
    0.670283121   22.802713110  561.700776871
    0.673799159   24.822413065  580.661359814
    0.677315197   26.850697523  569.666679976
    0.680831236   28.825003702  555.269644275
    0.684347274   30.793235510  573.824887997
    0.687863312   32.914023153  639.925705387
    0.691379350   35.316113226  724.931287969
    0.694895389   37.965043877  769.911623798
    0.698411427   40.630723014  731.663593829
    0.701927465   43.010343742  610.058004413
    0.705443503   44.865480075  442.429958357
    0.708959541   46.129287320  280.482981247
    0.712475580   46.878736241  154.140771153
    0.715991618   47.267248022   73.695602795
    0.719507656   47.443791070   31.515433768
    0.723023694   47.514695424   11.509265196
    0.726539732   47.531794522    1.460374057
    0.730055771   47.533158509   -0.000000000
    0.733571809   47.533158509   -0.000000000
    0.737087847   47.533158509   -0.000000000
    0.740603885   47.533158509   -0.000000000
    0.744119924   47.533158509   -0.000000000
    0.747635962   47.533158509   -0.000000000
    0.751152000   47.533158509   -0.000000000
