#! FIELDS dist file.free der_dist
#! SET min_dist 0.199134
#! SET max_dist 0.751152
#! SET nbins_dist  158
#! SET periodic_dist false
    0.199134000   59.545850868   -0.417620903
    0.202650038   59.543183013   -1.225508894
    0.206166076   59.531276224   -6.871967660
    0.209682115   59.481778151  -24.298475697
    0.213198153   59.331747474  -66.326892311
    0.216714191   58.958322385 -155.484844139
    0.220230229   58.148318933 -321.054772252
    0.223746268   56.585397401 -586.059453747
    0.227262306   53.899069818 -959.207303574
    0.230778344   49.751594328 -1407.772780368
    0.234294382   44.006245206 -1850.578440013
    0.237810420   36.871531492 -2179.880056250
    0.241326459   28.937018796 -2291.195955497
    0.244842497   21.061397500 -2145.869610509
    0.248358535   14.109012175 -1779.294509061
    0.251874573    8.685297400 -1298.259715059
    0.255390611    4.961918007 -834.750626234
    0.258906650    2.690740188 -479.636910431
    0.262422688    1.426843815 -261.837209238
    0.265938726    0.721854170 -152.849854272
    0.269454764    0.292036585  -95.636628493
    0.272970803    0.047191009  -43.015011068
    0.276486841    0.000000000   17.298005868
    0.280002879    0.167013390   76.709454049
    0.283518917    0.530644460  128.277104625
    0.287034955    1.050039194  164.455522481
    0.290550994    1.676003688  191.208112648
    0.294067032    2.394970593  216.782551677
    0.297583070    3.190339781  234.246040310
    0.301099108    4.038814521  246.344358009
    0.304615146    4.906005730  245.129296591
    0.308131185    5.743594245  229.186930626
    0.311647223    6.513407402  210.563942282
    0.315163261    7.227442261  198.832781866
    0.318679299    7.934776703  207.195570264
    0.322195338    8.694310627  225.270141454
    0.325711376    9.506687052  234.031947922
    0.329227414   10.306041033  218.635764493
    0.332743452   11.013816085  179.187700802
    0.336259490   11.557770602  130.821436863
    0.339775529   11.953309709   97.771758471
    0.343291567   12.265215570   83.394177767
    0.346807605   12.547279173   77.407661960
    0.350323643   12.805589393   67.173467178
    0.353839682   13.007586120   45.745045846
    0.357355720   13.115799413   13.698704850
    0.360871758   13.108945699  -17.737095116
    0.364387796   13.004300041  -40.389660310
    0.367903834   12.846634967  -46.066420910
    0.371419873   12.697658075  -36.460391050
    0.374935911   12.597922163  -20.623403396
    0.378451949   12.534030411  -18.362377913
    0.381967987   12.448819306  -34.753868574
    0.385484025   12.265026085  -71.050287069
    0.389000064   11.955753728 -103.353050875
    0.392516102   11.555045040 -119.252352472
    0.396032140   11.139612992 -113.129650586
    0.399548178   10.777785407  -92.493791804
    0.403064217   10.493047045  -71.278431407
    0.406580255   10.267209879  -59.855320789
    0.410096293   10.050685750  -65.532132008
    0.413612331    9.781894925  -89.182683161
    0.417128369    9.409723371 -123.636855010
    0.420644408    8.917571173 -154.487511331
    0.424160446    8.352254423 -163.482234319
    0.427676484    7.803289059 -144.241459774
    0.431192522    7.358764229 -107.618068026
    0.434708561    7.044822149  -73.096753913
    0.438224599    6.822523099  -58.896948436
    0.441740637    6.605047958  -67.553279509
    0.445256675    6.335525146  -85.882407082
    0.448772713    6.012558009  -95.579601202
    0.452288752    5.684373805  -90.449547527
    0.455804790    5.386432158  -76.610725278
    0.459320828    5.144522158  -62.602311092
    0.462836866    4.942929384  -51.786760320
    0.466352904    4.770400801  -46.082938079
    0.469868943    4.622759849  -39.170836202
    0.473384981    4.493741485  -34.848596838
    0.476901019    4.364075474  -39.570373148
    0.480417057    4.202944445  -48.884976803
    0.483933096    4.029490963  -46.128302479
    0.487449134    3.897803708  -26.083436537
    0.490965172    3.851313485    0.126673215
    0.494481210    3.884039736   13.891212326
    0.497997248    3.913429501   -0.250254613
    0.501513287    3.861144908  -31.105157175
    0.505029325    3.697634378  -59.045362953
    0.508545363    3.477068178  -60.996474143
    0.512061401    3.298768829  -37.899393053
    0.515577439    3.217585521  -10.149122960
    0.519093478    3.209337998    1.816709432
    0.522609516    3.205560020   -7.085907343
    0.526125554    3.144370550  -25.813798681
    0.529641592    3.037226745  -31.136852186
    0.533157631    2.945509515  -18.692068781
    0.536673669    2.912431102   -0.673425972
    0.540189707    2.939748913   12.833830440
    0.543705745    3.005080448   23.027545288
    0.547221783    3.104214357   34.879102643
    0.550737822    3.253714220   50.940400186
    0.554253860    3.454408116   61.547459114
    0.557769898    3.666919722   56.492015569
    0.561285936    3.840140188   40.220162766
    0.564801975    3.952342313   24.215531438
    0.568318013    4.033277882   25.744546103
    0.571834051    4.150057386   41.419532146
    0.575350089    4.325478577   56.885312220
    0.578866127    4.534435719   59.755257534
    0.582382166    4.733052130   50.275846600
    0.585898204    4.880705979   33.767280859
    0.589414242    4.967033736   14.029550888
    0.592930280    4.976824264   -9.435850300
    0.596446318    4.905938974  -29.023542363
    0.599962357    4.796538281  -28.213318209
    0.603478395    4.742456302    1.506759529
    0.606994433    4.832619038   52.806791407
    0.610510471    5.109893100  101.684652955
    0.614026510    5.516972212  126.996378942
    0.617542548    5.970776677  130.636081798
    0.621058586    6.438357831  136.011636662
    0.624574624    6.955005804  160.909560009
    0.628090662    7.589493628  202.652689133
    0.631606701    8.380807485  246.708099770
    0.635122739    9.299866493  275.891788565
    0.638638777   10.324995492  307.634442968
    0.642154815   11.465891333  342.237272683
    0.645670854   12.743633948  384.643723967
    0.649186892   14.160984529  419.402541120
    0.652702930   15.670758668  433.905774056
    0.656218968   17.180714376  423.763361009
    0.659735006   18.645109687  411.968028664
    0.663251045   20.109583051  425.896500384
    0.666767083   21.684305845  474.320364733
    0.670283121   23.460443389  536.763967509
    0.673799159   25.446278415  588.139204274
    0.677315197   27.561855618  612.034593886
    0.680831236   29.737312358  625.109208540
    0.684347274   31.982541631  659.265883349
    0.687863312   34.416193061  731.896390237
    0.691379350   37.152485475  823.969194304
    0.694895389   40.178013525  887.800686013
    0.698411427   43.314423429  884.100824937
    0.701927465   46.311207753  810.577084720
    0.705443503   48.964688537  696.856055893
    0.708959541   51.216163370  586.426233897
    0.712475580   53.113352829  497.514854412
    0.715991618   54.739524548  428.761233232
    0.719507656   56.136971500  365.093828572
    0.723023694   57.295509974  292.511008364
    0.726539732   58.179696593  211.741650484
    0.730055771   58.792862373  139.265002752
    0.733571809   59.175874690   80.880867880
    0.737087847   59.385005329   40.917305523
    0.740603885   59.485125945   18.495175134
    0.744119924   59.528351680    7.469289660
    0.747635962   59.543099436    1.681519699
    0.751152000   59.545850969   -0.000000000
