#! FIELDS dist file.free der_dist
#! SET min_dist 0.199134
#! SET max_dist 0.751152
#! SET nbins_dist  158
#! SET periodic_dist false
    0.199134000   35.210869202   -0.000000000
    0.202650038   35.210869202   -0.000000000
    0.206166076   35.210869202   -0.000000000
    0.209682115   35.209930959   -0.769847386
    0.213198153   35.204423216   -2.744010342
    0.216714191   35.185734495   -9.312040327
    0.220230229   35.122361691  -30.291175945
    0.223746268   34.948583508  -73.412185072
    0.227262306   34.558965879 -157.092301892
    0.230778344   33.775498087 -300.332275305
    0.234294382   32.365148949 -513.719112113
    0.237810420   30.088171092 -790.060283961
    0.241326459   26.789886792 -1083.508564531
    0.244842497   22.524112111 -1327.224542521
    0.248358535   17.606878548 -1443.088437634
    0.251874573   12.579239892 -1387.572805394
    0.255390611    8.037443753 -1176.684678033
    0.258906650    4.422107144 -870.066867890
    0.262422688    1.939356651 -545.775822076
    0.265938726    0.533949265 -264.059784154
    0.269454764    0.000000000  -52.135787846
    0.272970803    0.085701195   88.394800584
    0.276486841    0.544239895  162.436327301
    0.280002879    1.165883483  184.189668781
    0.283518917    1.804385552  176.600147981
    0.287034955    2.403278437  164.329016763
    0.290550994    2.978160749  167.200515889
    0.294067032    3.610208118  195.473911848
    0.297583070    4.366169480  234.839075106
    0.301099108    5.263040400  273.169650169
    0.304615146    6.264453638  292.864999976
    0.308131185    7.289794121  285.554819839
    0.311647223    8.250600157  260.314126521
    0.315163261    9.110058742  230.192913804
    0.318679299    9.887085611  215.086721756
    0.322195338   10.635959833  212.265772841
    0.325711376   11.375215238  205.936676974
    0.329227414   12.059243564  181.765441579
    0.332743452   12.631765423  140.792384901
    0.336259490   13.058451346  104.722801186
    0.339775529   13.409038555  100.602360597
    0.343291567   13.803272093  128.533342503
    0.346807605   14.320279129  165.107416376
    0.350323643   14.944481179  184.654322319
    0.353839682   15.579698317  170.733227392
    0.357355720   16.111838047  126.768062176
    0.360871758   16.460232826   69.242842086
    0.364387796   16.605590507   14.048796141
    0.367903834   16.580327747  -24.895425843
    0.371419873   16.451843090  -44.856191675
    0.374935911   16.280573669  -51.879992732
    0.378451949   16.076658220  -67.021199317
    0.381967987   15.790283075 -100.347370230
    0.385484025   15.347434150 -152.100590109
    0.389000064   14.733792823 -193.358571008
    0.392516102   14.023821893 -202.649070027
    0.396032140   13.349026413 -175.839065168
    0.399548178   12.807274185 -132.988421436
    0.403064217   12.400190777 -103.844113743
    0.406580255   12.043924374 -104.248171758
    0.410096293   11.638450324 -128.476492856
    0.413612331   11.130747152 -158.955996393
    0.417128369   10.535512618 -175.833741494
    0.420644408    9.927025600 -165.676244560
    0.424160446    9.404927804 -129.086067668
    0.427676484    9.036615082  -80.174624646
    0.431192522    8.823488291  -45.976917523
    0.434708561    8.678118560  -42.977704291
    0.438224599    8.484165871  -72.267275059
    0.441740637    8.154761826 -113.444500956
    0.445256675    7.706649804 -136.088803415
    0.448772713    7.242258245 -122.007057498
    0.452288752    6.886217711  -78.215729069
    0.455804790    6.697126060  -28.505736681
    0.459320828    6.664814575    5.247733366
    0.462836866    6.708769233   16.083489084
    0.466352904    6.746108474    2.728506479
    0.469868943    6.717094373  -22.059795346
    0.473384981    6.587494104  -52.495800659
    0.476901019    6.345277327  -83.411311246
    0.480417057    6.007887128 -102.599370334
    0.483933096    5.655525510  -91.882638541
    0.487449134    5.392841127  -53.421629766
    0.490965172    5.286475047   -7.551023557
    0.494481210    5.313469160   16.462755000
    0.497997248    5.354961725    2.465032529
    0.501513287    5.302123430  -33.738694191
    0.505029325    5.126934957  -61.436177728
    0.508545363    4.913039506  -53.203991516
    0.512061401    4.789486300  -14.215369711
    0.515577439    4.810907125   22.453057227
    0.519093478    4.906674480   24.748389509
    0.522609516    4.938528806  -11.722503886
    0.526125554    4.804806414  -61.384799790
    0.529641592    4.537033432  -83.586487537
    0.533157631    4.266030775  -64.682723021
    0.536673669    4.114366271  -20.183256206
    0.540189707    4.126953823   23.036634026
    0.543705745    4.267367440   52.764912741
    0.547221783    4.479699797   66.189284705
    0.550737822    4.716946533   67.482606865
    0.554253860    4.937766363   55.953283917
    0.557769898    5.092928275   30.827116358
    0.561285936    5.156000425    5.684961259
    0.564801975    5.155813525   -2.379575626
    0.568318013    5.179337086   21.850289904
    0.571834051    5.335011552   67.440637600
    0.575350089    5.641789323  102.859633630
    0.578866127    6.014997213  102.464294459
    0.582382166    6.318046073   63.406702630
    0.585898204    6.436614031    3.635857136
    0.589414242    6.348784099  -51.661014197
    0.592930280    6.104784620  -82.412939893
    0.596446318    5.810466732  -78.780317579
    0.599962357    5.590872780  -40.283335819
    0.603478395    5.555020223   21.516955405
    0.606994433    5.747853398   87.004535601
    0.610510471    6.141469978  131.146414158
    0.614026510    6.629001655  142.938110459
    0.617542548    7.112897653  132.159181227
    0.621058586    7.563834906  125.321905515
    0.624574624    8.020380070  136.206264327
    0.628090662    8.533766380  157.199751615
    0.631606701    9.123876135  176.926469466
    0.635122739    9.760231007  185.115215718
    0.638638777   10.441154528  204.815851648
    0.642154815   11.225886560  244.520249127
    0.645670854   12.187375931  305.982984181
    0.649186892   13.380214152  372.184066243
    0.652702930   14.797145556  430.646878987
    0.656218968   16.394737388  477.057624767
    0.659735006   18.146001898  520.590149695
    0.663251045   20.071469056  576.316653408
    0.666767083   22.204029552  634.651816908
    0.670283121   24.497170046  662.634233274
    0.673799159   26.797820652  634.418227157
    0.677315197   28.884201456  542.983992663
    0.680831236   30.569620903  411.064473625
    0.684347274   31.770338367  276.771931910
    0.687863312   32.551327479  176.207797740
    0.691379350   33.066223526  124.608255097
    0.694895389   33.471256522  109.763387798
    0.698411427   33.853791808  109.034573529
    0.701927465   34.232739462  104.463787066
    0.705443503   34.571215692   86.848257914
    0.708959541   34.837483161   63.752885878
    0.712475580   35.017813357   39.550872467
    0.715991618   35.123172796   21.471011200
    0.719507656   35.176754588   10.073802977
    0.723023694   35.200404988    4.107096031
    0.726539732   35.209505216    1.460374057
    0.730055771   35.210869202   -0.000000000
    0.733571809   35.210869202   -0.000000000
    0.737087847   35.210869202   -0.000000000
    0.740603885   35.210869202   -0.000000000
    0.744119924   35.210869202   -0.000000000
    0.747635962   35.210869202   -0.000000000
    0.751152000   35.210869202   -0.000000000
