#! FIELDS dist file.free der_dist
#! SET min_dist 0.199134
#! SET max_dist 0.751152
#! SET nbins_dist  158
#! SET periodic_dist false
    0.199134000   41.477197771   -0.000000000
    0.202650038   41.477197771   -0.000000000
    0.206166076   41.476735476   -0.536741260
    0.209682115   41.470123327   -4.308235263
    0.213198153   41.440179224  -14.191178907
    0.216714191   41.350700442  -40.010755466
    0.220230229   41.122105547  -97.594979728
    0.223746268   40.611600454 -202.233149141
    0.227262306   39.621365142 -373.677349290
    0.230778344   37.898546316 -618.519362664
    0.234294382   35.205626329 -919.800737018
    0.237810420   31.413966323 -1234.522132137
    0.241326459   26.596392989 -1489.471983092
    0.244842497   21.086697793 -1617.767773213
    0.248358535   15.426396967 -1571.468982170
    0.251874573   10.236157807 -1356.497292463
    0.255390611    6.018425201 -1033.951605613
    0.258906650    3.001371460 -684.176334992
    0.262422688    1.155371644 -378.118048159
    0.265938726    0.249759394 -151.221502598
    0.269454764    0.000000000   -2.636585632
    0.272970803    0.164846677   86.872511632
    0.276486841    0.558573210  130.381863593
    0.280002879    1.041689013  139.828749242
    0.283518917    1.525271843  134.522663393
    0.287034955    1.986281192  128.613641674
    0.290550994    2.450126202  139.088338020
    0.294067032    2.993206244  172.447585115
    0.297583070    3.670470356  212.534506456
    0.301099108    4.488197833  250.204219812
    0.304615146    5.406190004  268.653701597
    0.308131185    6.344679128  260.674222108
    0.311647223    7.218465697  235.726465541
    0.315163261    7.990751379  205.033020712
    0.318679299    8.673848003  186.323869272
    0.322195338    9.309825807  175.965108014
    0.325711376    9.905035737  160.748629844
    0.329227414   10.420750627  132.685564358
    0.332743452   10.827629976   97.244688145
    0.336259490   11.127424981   77.568936633
    0.339775529   11.418016204   94.281790154
    0.343291567   11.823186012  139.692508997
    0.346807605   12.393936891  181.622323054
    0.350323643   13.058677659  187.797927944
    0.353839682   13.655032794  143.006058401
    0.357355720   14.017466373   57.391154998
    0.360871758   14.053856138  -36.391303119
    0.364387796   13.792860720 -106.411800056
    0.367903834   13.365954889 -126.835176190
    0.371419873   12.962466054  -94.606355151
    0.374935911   12.738513480  -30.219913420
    0.378451949   12.736168171   24.356600370
    0.381967987   12.866038651   40.020274457
    0.385484025   12.955205356    3.846338385
    0.389000064   12.863275712  -58.192423852
    0.392516102   12.549365277 -115.883951611
    0.396032140   12.078052390 -146.299134308
    0.399548178   11.557546457 -146.797736367
    0.403064217   11.066262700 -132.383391419
    0.406580255   10.629304270 -117.596054959
    0.410096293   10.224167579 -114.163780182
    0.413612331    9.806094151 -125.379945676
    0.417128369    9.331029499 -145.740053327
    0.420644408    8.785852366 -162.706369878
    0.424160446    8.215237243 -158.561569802
    0.427676484    7.706662487 -126.147889536
    0.431192522    7.345087187  -79.338197406
    0.434708561    7.143000653  -39.168706857
    0.438224599    7.036804312  -27.994029816
    0.441740637    6.909896067  -47.762297490
    0.445256675    6.686293421  -78.771205367
    0.448772713    6.374112255  -94.943570042
    0.452288752    6.052114186  -85.363436153
    0.455804790    5.794899963  -57.406232024
    0.459320828    5.650041799  -26.998024102
    0.462836866    5.593289735   -7.646090393
    0.466352904    5.564249704  -11.849076870
    0.469868943    5.490396600  -34.741214162
    0.473384981    5.304511291  -72.735474551
    0.476901019    4.970725758 -115.028160505
    0.480417057    4.510496002 -138.474646018
    0.483933096    4.046797791 -116.411589446
    0.487449134    3.742429679  -50.734756895
    0.490965172    3.700986222   26.183046135
    0.494481210    3.888785246   71.265517618
    0.497997248    4.129020759   57.234403887
    0.501513287    4.237933826    0.362389662
    0.505029325    4.128526685  -59.025822290
    0.508545363    3.869132760  -79.937552215
    0.512061401    3.621482621  -54.972526160
    0.515577439    3.508518229   -9.129323326
    0.519093478    3.542648546   24.489211442
    0.522609516    3.648909161   31.566861924
    0.526125554    3.740036076   20.941191540
    0.529641592    3.801368495   17.156152846
    0.533157631    3.875649756   26.800890043
    0.536673669    3.993610225   39.226955597
    0.540189707    4.144466691   42.301089306
    0.543705745    4.289807751   38.461690885
    0.547221783    4.416252474   34.673541513
    0.550737822    4.537473416   35.092715368
    0.554253860    4.657574318   31.796517182
    0.557769898    4.744308254   15.462361274
    0.561285936    4.758797093   -8.419672830
    0.564801975    4.694547975  -26.566108726
    0.568318013    4.600507786  -21.801570916
    0.571834051    4.563893908    2.413857704
    0.575350089    4.618230550   26.732664220
    0.578866127    4.730564650   33.632893134
    0.582382166    4.831829343   20.122280913
    0.585898204    4.860072939   -3.787952818
    0.589414242    4.807317697  -25.818146285
    0.592930280    4.694336025  -36.204061666
    0.596446318    4.577678044  -26.190443937
    0.599962357    4.543497581   12.419123246
    0.603478395    4.696112450   76.913982142
    0.606994433    5.096680242  151.053345120
    0.610510471    5.735355971  206.774994769
    0.614026510    6.502387228  224.779244579
    0.617542548    7.268475257  208.591038765
    0.621058586    7.961673439  185.174602389
    0.624574624    8.590551961  174.889247042
    0.628090662    9.213279021  182.832193550
    0.631606701    9.890458830  203.555815993
    0.635122739   10.643412874  226.979558159
    0.638638777   11.507093365  266.622331893
    0.642154815   12.532407671  318.565324180
    0.645670854   13.754390527  376.442258768
    0.649186892   15.161898258  420.881569740
    0.652702930   16.688740441  442.309182132
    0.656218968   18.252476161  446.073176690
    0.659735006   19.829330344  454.499116030
    0.663251045   21.487171035  494.155995901
    0.666767083   23.341251445  562.736838306
    0.670283121   25.436042256  625.033975305
    0.673799159   27.686633144  644.484704755
    0.677315197   29.895655788  602.249070923
    0.680831236   31.867903466  514.171746267
    0.684347274   33.501040103  419.027444240
    0.687863312   34.846678149  354.261405724
    0.691379350   36.040508162  330.527431695
    0.694895389   37.192020059  324.854273736
    0.698411427   38.311505553  308.852891450
    0.701927465   39.332715776  267.148580970
    0.705443503   40.161700803  202.735508950
    0.708959541   40.755104922  135.163550202
    0.712475580   41.124237729   78.162184910
    0.715991618   41.326404125   39.390283439
    0.719507656   41.422569958   17.591930768
    0.723023694   41.463085580    6.861416608
    0.726539732   41.475833785    1.460374057
    0.730055771   41.477197771   -0.000000000
    0.733571809   41.477197771   -0.000000000
    0.737087847   41.477197771   -0.000000000
    0.740603885   41.477197771   -0.000000000
    0.744119924   41.477197771   -0.000000000
    0.747635962   41.477197771   -0.000000000
    0.751152000   41.477197771   -0.000000000
