#! FIELDS dist file.free der_dist
#! SET min_dist 0.199134
#! SET max_dist 0.751152
#! SET nbins_dist  158
#! SET periodic_dist false
    0.199134000   45.756053359   -0.000000000
    0.202650038   45.756053359   -0.000000000
    0.206166076   45.754074862   -1.406322976
    0.209682115   45.741989187   -6.885203232
    0.213198153   45.695605024  -21.611530896
    0.216714191   45.563809250  -57.780804736
    0.220230229   45.243095730 -133.760579369
    0.223746268   44.557677135 -267.443010932
    0.227262306   43.271299523 -478.414745189
    0.230778344   41.101378538 -768.312522034
    0.234294382   37.808076909 -1109.566889996
    0.237810420   33.304383183 -1445.518297075
    0.241326459   27.751016213 -1691.485706685
    0.244842497   21.595422515 -1778.208694323
    0.248358535   15.479307310 -1667.984684952
    0.251874573   10.070285254 -1385.924482488
    0.255390611    5.843476298 -1014.095601166
    0.258906650    2.939909679 -644.987295850
    0.262422688    1.219898771 -350.157215266
    0.265938726    0.360992692 -154.843554605
    0.269454764    0.032235180  -43.450848474
    0.272970803    0.000000000   18.134333512
    0.276486841    0.128560919   51.836500510
    0.280002879    0.348744345   71.754696963
    0.283518917    0.633855744   91.329832117
    0.287034955    0.995149914  114.994306825
    0.290550994    1.456338420  149.729600695
    0.294067032    2.063390645  196.007584201
    0.297583070    2.829765831  238.154060750
    0.301099108    3.731334167  271.700706556
    0.304615146    4.715115889  284.753931843
    0.308131185    5.705829334  275.124348944
    0.311647223    6.635546316  253.891938476
    0.315163261    7.484616254  231.031326662
    0.318679299    8.274962077  221.125544690
    0.322195338    9.045229221  216.517361630
    0.325711376    9.781387615  199.175181382
    0.329227414   10.414036172  159.347347062
    0.332743452   10.882044471  104.460393300
    0.336259490   11.165429203   61.461565706
    0.339775529   11.363348448   58.864920094
    0.343291567   11.622615326   93.902542375
    0.346807605   12.028824474  135.175602210
    0.350323643   12.538302033  146.674940220
    0.353839682   13.004494120  110.509624831
    0.357355720   13.267630806   33.889777450
    0.360871758   13.239488780  -49.061207600
    0.364387796   12.956440832 -106.119925739
    0.367903834   12.551017980 -115.864772871
    0.371419873   12.193159001  -81.823907613
    0.374935911   11.998652589  -28.472452789
    0.378451949   11.968920614    6.672552718
    0.381967987   12.004564754    5.642880445
    0.385484025   11.963184440  -32.910932911
    0.389000064   11.765877415  -78.836254645
    0.392516102   11.424930162 -109.751246696
    0.396032140   11.021295670 -115.063432084
    0.399548178   10.636662377 -103.281670886
    0.403064217   10.296905142  -92.378074550
    0.406580255    9.973967111  -93.894556779
    0.410096293    9.615462052 -111.756823059
    0.413612331    9.173039672 -140.341487942
    0.417128369    8.628850892 -168.222243365
    0.420644408    8.007920465 -181.516173984
    0.424160446    7.390071460 -166.012268213
    0.427676484    6.873063092 -124.427909496
    0.431192522    6.522754137  -75.988556611
    0.434708561    6.320856685  -43.483507920
    0.438224599    6.180192986  -43.454554326
    0.441740637    5.984097193  -70.476634529
    0.445256675    5.679095681 -101.168848588
    0.448772713    5.299195015 -110.232765367
    0.452288752    4.941669208  -90.072966464
    0.455804790    4.686792254  -51.442605856
    0.459320828    4.580352098  -11.494063183
    0.462836866    4.592990231   16.492305183
    0.466352904    4.665567185   21.774462135
    0.469868943    4.725119677    7.304691359
    0.473384981    4.697400920  -25.889150774
    0.476901019    4.524575962  -72.234912376
    0.480417057    4.190161126 -111.756536846
    0.483933096    3.776184623 -115.844563706
    0.487449134    3.422949560  -78.698516581
    0.490965172    3.244396844  -21.813578271
    0.494481210    3.251437194   19.150000805
    0.497997248    3.323193483   15.304803126
    0.501513287    3.314373879  -24.485937389
    0.505029325    3.144228643  -69.651207022
    0.508545363    2.861663201  -83.672755632
    0.512061401    2.605538205  -56.662046793
    0.515577439    2.488023861   -9.945024484
    0.519093478    2.522795674   25.725665862
    0.522609516    2.636062025   33.749402551
    0.526125554    2.728682545   18.632261514
    0.529641592    2.766091830    5.001419643
    0.533157631    2.777755942    3.616046159
    0.536673669    2.800291804    9.501304328
    0.540189707    2.849664593   16.240837932
    0.543705745    2.924993290   26.190927376
    0.547221783    3.041091163   41.582157274
    0.550737822    3.221544464   61.500585547
    0.554253860    3.461539036   72.327086684
    0.557769898    3.703840698   61.736219472
    0.561285936    3.879521949   35.679375586
    0.564801975    3.957478234    9.584651125
    0.568318013    3.974351526    5.168705751
    0.571834051    4.017368657   20.822018363
    0.575350089    4.124278364   38.229175266
    0.578866127    4.263772168   37.308595643
    0.582382166    4.361525899   13.359724795
    0.585898204    4.341138649  -25.512100508
    0.589414242    4.181195903  -65.183381889
    0.592930280    3.899615279  -92.164290380
    0.596446318    3.566718814  -91.389257890
    0.599962357    3.303573253  -50.582817970
    0.603478395    3.255705866   27.421891935
    0.606994433    3.513686491  119.975939468
    0.610510471    4.073670198  191.992364628
    0.614026510    4.804807916  217.651339699
    0.617542548    5.547112697  200.953251376
    0.621058586    6.204813612  172.277440676
    0.624574624    6.780863468  157.789782106
    0.628090662    7.338783314  163.418517704
    0.631606701    7.944329137  182.180031589
    0.635122739    8.616188320  201.701284003
    0.638638777    9.383428889  237.419679955
    0.642154815   10.299140792  285.682592154
    0.645670854   11.407766563  345.931751263
    0.649186892   12.720268545  398.328386017
    0.652702930   14.187135726  430.120566596
    0.656218968   15.720540865  441.120748137
    0.659735006   17.288431186  453.612003820
    0.663251045   18.944554415  493.837123703
    0.666767083   20.802198993  566.223603176
    0.670283121   22.928842038  641.748065034
    0.673799159   25.280805540  687.724420424
    0.677315197   27.707232163  684.636497809
    0.680831236   30.053977330  646.169835140
    0.684347274   32.248203344  606.443461678
    0.687863312   34.347109772  593.313944052
    0.691379350   36.446552725  602.230783172
    0.694895389   38.568073535  598.633670817
    0.698411427   40.603521062  550.989303086
    0.701927465   42.383358846  454.096664929
    0.705443503   43.761286946  328.360029525
    0.708959541   44.700607954  208.949084620
    0.712475580   45.259689219  115.340897216
    0.715991618   45.551788274   55.989052023
    0.719507656   45.686423653   24.158862747
    0.723023694   45.740900452    8.844201356
    0.726539732   45.754689373    1.460374057
    0.730055771   45.756053359   -0.000000000
    0.733571809   45.756053359   -0.000000000
    0.737087847   45.756053359   -0.000000000
    0.740603885   45.756053359   -0.000000000
    0.744119924   45.756053359   -0.000000000
    0.747635962   45.756053359   -0.000000000
    0.751152000   45.756053359   -0.000000000
