#! FIELDS dist file.free der_dist
#! SET min_dist 0.199134
#! SET max_dist 0.751152
#! SET nbins_dist  158
#! SET periodic_dist false
    0.199134000    7.826059251   -0.000000000
    0.202650038    7.826059251   -0.000000000
    0.206166076    7.826059251   -0.000000000
    0.209682115    7.826059251   -0.000000000
    0.213198153    7.826059251   -0.000000000
    0.216714191    7.826059251   -0.000000000
    0.220230229    7.826059251   -0.000000000
    0.223746268    7.826059251   -0.000000000
    0.227262306    7.826059251   -0.000000000
    0.230778344    7.825679474   -1.092529093
    0.234294382    7.818357250   -4.002716896
    0.237810420    7.791639925  -13.153358495
    0.241326459    7.717320609  -31.250412272
    0.244842497    7.550362612  -66.908325911
    0.248358535    7.219085213 -125.019202175
    0.251874573    6.647228028 -202.889380904
    0.255390611    5.783675079 -289.539969267
    0.258906650    4.637705099 -356.690735239
    0.262422688    3.331265764 -376.620818737
    0.265938726    2.059716603 -336.648005166
    0.269454764    1.026540277 -244.866493864
    0.272970803    0.358634924 -135.431286842
    0.276486841    0.051293628  -44.818029753
    0.280002879    0.000000000    9.731516415
    0.283518917    0.089405338   39.004566608
    0.287034955    0.275951191   68.839571999
    0.290550994    0.601576735  120.548040803
    0.294067032    1.146844178  191.267547053
    0.297583070    1.941187931  257.187824626
    0.301099108    2.914856802  288.986548574
    0.304615146    3.911434304  269.587374014
    0.308131185    4.761241077  208.580387303
    0.311647223    5.357902016  131.808810312
    0.315163261    5.705828028   71.235419200
    0.318679299    5.901396414   46.776475773
    0.322195338    6.074976098   56.275390866
    0.325711376    6.313933977   79.924259668
    0.329227414    6.627032976   97.150636786
    0.332743452    6.974264302   97.000440548
    0.336259490    7.287060596   78.918197475
    0.339775529    7.523701121   55.200431654
    0.343291567    7.677034365   32.829737103
    0.346807605    7.762180838   16.796978434
    0.350323643    7.803067495    7.445674419
    0.353839682    7.820141412    2.872661485
    0.357355720    7.826059251   -0.000000000
    0.360871758    7.826059251   -0.000000000
    0.364387796    7.826059251   -0.000000000
    0.367903834    7.826059251   -0.000000000
    0.371419873    7.826059251   -0.000000000
    0.374935911    7.826059251   -0.000000000
    0.378451949    7.826059251   -0.000000000
    0.381967987    7.826059251   -0.000000000
    0.385484025    7.826059251   -0.000000000
    0.389000064    7.826059251   -0.000000000
    0.392516102    7.826059251   -0.000000000
    0.396032140    7.822882677   -2.061793345
    0.399548178    7.810315920   -5.581879622
    0.403064217    7.778878745  -13.167859121
    0.406580255    7.710394236  -26.957846110
    0.410096293    7.581116054  -47.602706617
    0.413612331    7.371268059  -71.791006625
    0.417128369    7.077358574  -93.378280962
    0.420644408    6.732279423  -99.752297668
    0.424160446    6.400436043  -85.561535686
    0.427676484    6.150207447  -55.013259359
    0.431192522    6.016332242  -22.145388781
    0.434708561    5.979624009   -1.555688916
    0.438224599    5.984761113    1.500394727
    0.441740637    5.982840664   -2.672641520
    0.445256675    5.973034608   -1.144712648
    0.448772713    5.987530962   10.749839207
    0.452288752    6.050895415   24.393202020
    0.455804790    6.144956868   26.327132057
    0.459320828    6.216207268   11.907515761
    0.462836866    6.221261459   -8.558938718
    0.466352904    6.169048004  -17.565852678
    0.469868943    6.127843772   -1.828861825
    0.473384981    6.179367766   33.213003091
    0.476901019    6.364641709   70.998778550
    0.480417057    6.657236090   91.853569000
    0.483933096    6.982418356   88.948418015
    0.487449134    7.254895802   63.527442944
    0.490965172    7.413781838   25.300381141
    0.494481210    7.427118707  -17.831739667
    0.497997248    7.288262944  -59.857070762
    0.501513287    7.017610121  -92.183476425
    0.505029325    6.660939579 -107.531829570
    0.508545363    6.283154016 -105.112414726
    0.512061401    5.939730699  -90.089243408
    0.515577439    5.645676475  -78.709202433
    0.519093478    5.371182823  -79.947504591
    0.522609516    5.069137524  -93.005339298
    0.526125554    4.715935268 -106.837193629
    0.529641592    4.334314396 -107.478244636
    0.533157631    3.978513990  -93.124134324
    0.536673669    3.688947441  -70.744373321
    0.540189707    3.481403986  -48.329483154
    0.543705745    3.343931171  -31.105412645
    0.547221783    3.251943995  -23.052859540
    0.550737822    3.165088085  -29.108448847
    0.554253860    3.034938618  -46.632691521
    0.557769898    2.831322202  -68.563810720
    0.561285936    2.571208235  -75.412150354
    0.564801975    2.335462596  -54.112918239
    0.568318013    2.222442108   -6.611340912
    0.571834051    2.296440261   46.456397867
    0.575350089    2.530701916   81.960950265
    0.578866127    2.835159139   86.044254782
    0.582382166    3.106832377   65.006029102
    0.585898204    3.288480753   39.110612605
    0.589414242    3.392072395   22.553929898
    0.592930280    3.466406512   21.712847153
    0.596446318    3.561548242   34.100506718
    0.599962357    3.714740722   53.087023544
    0.603478395    3.928446263   66.250032120
    0.606994433    4.164898467   65.428999761
    0.610510471    4.367431519   46.684046576
    0.614026510    4.485396117   20.362459298
    0.617542548    4.523363827    4.830068084
    0.621058586    4.553440257   16.864815782
    0.624574624    4.682660695   60.564796625
    0.628090662    4.992947776  115.852454223
    0.631606701    5.483541335  159.050665229
    0.635122739    6.074586056  170.609422402
    0.638638777    6.650099085  152.198728595
    0.642154815    7.122086043  113.595560306
    0.645670854    7.450471988   73.717934500
    0.649186892    7.649565306   41.310771390
    0.652702930    7.754352514   20.137537895
    0.656218968    7.802502957    8.576906842
    0.659735006    7.820431499    2.773226173
    0.663251045    7.826059251   -0.000000000
    0.666767083    7.826059251   -0.000000000
    0.670283121    7.826059251   -0.000000000
    0.673799159    7.826059251   -0.000000000
    0.677315197    7.826059251   -0.000000000
    0.680831236    7.826059251   -0.000000000
    0.684347274    7.826059251   -0.000000000
    0.687863312    7.826059251   -0.000000000
    0.691379350    7.826059251   -0.000000000
    0.694895389    7.826059251   -0.000000000
    0.698411427    7.826059251   -0.000000000
    0.701927465    7.826059251   -0.000000000
    0.705443503    7.826059251   -0.000000000
    0.708959541    7.826059251   -0.000000000
    0.712475580    7.826059251   -0.000000000
    0.715991618    7.826059251   -0.000000000
    0.719507656    7.826059251   -0.000000000
    0.723023694    7.826059251   -0.000000000
    0.726539732    7.826059251   -0.000000000
    0.730055771    7.826059251   -0.000000000
    0.733571809    7.826059251   -0.000000000
    0.737087847    7.826059251   -0.000000000
    0.740603885    7.826059251   -0.000000000
    0.744119924    7.826059251   -0.000000000
    0.747635962    7.826059251   -0.000000000
    0.751152000    7.826059251   -0.000000000
