#! FIELDS dist file.free der_dist
#! SET min_dist 0.199134
#! SET max_dist 0.751152
#! SET nbins_dist  158
#! SET periodic_dist false
    0.199134000   43.524273833   -0.000000000
    0.202650038   43.524273833   -0.000000000
    0.206166076   43.522295336   -1.406322976
    0.209682115   43.510209661   -6.885203232
    0.213198153   43.464152791  -21.385310653
    0.216714191   43.334370430  -56.604128424
    0.220230229   43.020738042 -130.646159543
    0.223746268   42.352719318 -260.194702158
    0.227262306   41.103787843 -463.714440190
    0.230778344   39.004497728 -742.141133389
    0.234294382   35.828097869 -1068.891762495
    0.237810420   31.493944335 -1390.081010512
    0.241326459   26.156017096 -1625.426027422
    0.244842497   20.240716421 -1708.951029819
    0.248358535   14.362208174 -1603.253018708
    0.251874573    9.165864932 -1329.774977474
    0.255390611    5.122176496 -965.466128401
    0.258906650    2.383033379 -599.126680125
    0.262422688    0.827017173 -302.073057093
    0.265938726    0.143585267 -103.169303485
    0.269454764    0.000000000    9.445614655
    0.272970803    0.147786065   66.547100375
    0.276486841    0.429477772   89.633584800
    0.280002879    0.757139101   94.627816965
    0.283518917    1.095046366   98.644721235
    0.287034955    1.457697972  109.093149650
    0.290550994    1.882153828  135.590804125
    0.294067032    2.433107898  179.395665509
    0.297583070    3.144776707  224.446685500
    0.301099108    4.009142516  264.679664270
    0.304615146    4.982472924  285.747405361
    0.308131185    5.987499679  281.492340376
    0.311647223    6.940163792  259.328452620
    0.315163261    7.795776303  228.132755104
    0.318679299    8.553020924  204.845296456
    0.322195338    9.243250676  188.150134453
    0.325711376    9.869488891  166.721586039
    0.329227414   10.398317869  134.700586940
    0.332743452   10.808710623   97.393547150
    0.336259490   11.105590168   75.566541119
    0.339775529   11.382525011   88.040041125
    0.343291567   11.753729562  126.292635021
    0.346807605   12.263437875  160.483559344
    0.350323643   12.843568952  161.679135040
    0.353839682   13.351061232  120.149638134
    0.357355720   13.650024845   45.512588201
    0.360871758   13.671789471  -32.694997033
    0.364387796   13.446647546  -91.076143620
    0.367903834   13.078046357 -111.426846941
    0.371419873   12.707760643  -93.402860619
    0.374935911   12.448643209  -52.154154319
    0.378451949   12.328732462  -19.109093518
    0.381967987   12.284900353  -12.624650544
    0.385484025   12.199450638  -39.672445704
    0.389000064   11.996280456  -75.965859228
    0.392516102   11.675892732 -101.792460248
    0.396032140   11.302260315 -106.521659009
    0.399548178   10.945709378  -95.892129284
    0.403064217   10.629776660  -86.008671385
    0.406580255   10.332275030  -85.731532918
    0.410096293   10.009074715  -99.186640208
    0.413612331    9.620302656 -122.432953894
    0.417128369    9.145903247 -147.000834825
    0.420644408    8.599198619 -161.433931759
    0.424160446    8.042882034 -151.593706092
    0.427676484    7.565038402 -116.322152539
    0.431192522    7.235589577  -71.746752462
    0.434708561    7.047589561  -39.244409029
    0.438224599    6.925455623  -36.826930704
    0.441740637    6.756678041  -61.707739450
    0.445256675    6.484222075  -91.734691214
    0.448772713    6.135355023 -102.388280375
    0.452288752    5.798779583  -86.397822495
    0.455804790    5.546941309  -53.548616916
    0.459320828    5.422261950  -19.470676046
    0.462836866    5.399154718    4.497170274
    0.466352904    5.427462209    9.367194728
    0.469868943    5.450254231   -0.309550180
    0.473384981    5.411369975  -23.835983971
    0.476901019    5.270640866  -55.289038616
    0.480417057    5.027779399  -76.282491909
    0.483933096    4.771435689  -62.280773824
    0.487449134    4.630532233  -13.059114131
    0.490965172    4.686164373   43.532866917
    0.494481210    4.901037409   69.896581307
    0.497997248    5.110472774   42.054345181
    0.501513287    5.150607281  -22.612982775
    0.505029325    4.954469757  -84.423944773
    0.508545363    4.608875387 -102.865631702
    0.512061401    4.292689119  -70.264844024
    0.515577439    4.143432188  -14.340666918
    0.519093478    4.176167911   28.391078334
    0.522609516    4.304757438   39.142018038
    0.526125554    4.416569280   23.740257872
    0.529641592    4.468561752    8.171912450
    0.533157631    4.486012365    3.556864889
    0.536673669    4.502063916    5.580270374
    0.540189707    4.528688392    7.044341253
    0.543705745    4.563060350   12.321404595
    0.547221783    4.627408830   26.738279306
    0.550737822    4.761245435   50.612149718
    0.554253860    4.977221083   70.223102490
    0.557769898    5.230995834   70.557550640
    0.561285936    5.454208380   53.384345737
    0.564801975    5.604300388   31.935833295
    0.568318013    5.698729668   26.094540939
    0.571834051    5.806694992   36.455490068
    0.575350089    5.956224853   46.947457455
    0.578866127    6.116600446   40.747544599
    0.582382166    6.221936437   15.329123815
    0.585898204    6.213691558  -19.447867533
    0.589414242    6.091018137  -49.167568231
    0.592930280    5.890026192  -61.889088797
    0.596446318    5.688255062  -47.936809685
    0.599962357    5.590256375   -1.884027640
    0.603478395    5.704166707   68.585557908
    0.606994433    6.077050956  142.476332975
    0.610510471    6.674564772  190.724199662
    0.614026510    7.365781799  197.464553227
    0.617542548    8.018624715  172.364501149
    0.621058586    8.579427684  147.635272475
    0.624574624    9.087568550  144.994500162
    0.628090662    9.628631044  166.816210262
    0.631606701   10.276724025  202.705082330
    0.635122739   11.047905042  236.736808845
    0.638638777   11.954851910  280.234125319
    0.642154815   13.021391478  327.312211137
    0.645670854   14.256550866  374.269011415
    0.649186892   15.630765814  403.645340719
    0.652702930   17.068947154  409.256121513
    0.656218968   18.489213782  398.842224956
    0.659735006   19.884855748  400.097845036
    0.663251045   21.353400514  442.743740960
    0.666767083   23.050158358  526.672428055
    0.670283121   25.060445240  614.418450548
    0.673799159   27.326319421  663.947868663
    0.677315197   29.653358296  648.986158702
    0.680831236   31.827908479  581.066594534
    0.684347274   33.721258565  499.038442736
    0.687863312   35.363309414  442.046472570
    0.691379350   36.871961058  420.905651037
    0.694895389   38.336431510  411.069490613
    0.698411427   39.741187230  383.627687470
    0.701927465   40.996558792  324.908352343
    0.705443503   41.995644026  241.670366990
    0.708959541   42.696584768  158.265351025
    0.712475580   43.125003827   89.815616643
    0.715991618   43.355970247   44.738255459
    0.719507656   43.464576867   19.726017022
    0.723023694   43.509779891    7.604473427
    0.726539732   43.522909847    1.460374057
    0.730055771   43.524273833   -0.000000000
    0.733571809   43.524273833   -0.000000000
    0.737087847   43.524273833   -0.000000000
    0.740603885   43.524273833   -0.000000000
    0.744119924   43.524273833   -0.000000000
    0.747635962   43.524273833   -0.000000000
    0.751152000   43.524273833   -0.000000000
