#! FIELDS dist file.free der_dist
#! SET min_dist 0.199134
#! SET max_dist 0.751152
#! SET nbins_dist  158
#! SET periodic_dist false
    0.199134000   39.303242609   -0.000000000
    0.202650038   39.303242609   -0.000000000
    0.206166076   39.303242609   -0.000000000
    0.209682115   39.300969091   -2.177842303
    0.213198153   39.285400238   -7.813168458
    0.216714191   39.231529558  -25.265345064
    0.220230229   39.079277918  -67.491920806
    0.223746268   38.713144504 -148.875630518
    0.227262306   37.961030651 -291.055776663
    0.230778344   36.580535002 -507.281913414
    0.234294382   34.315894979 -789.788247177
    0.237810420   30.989159642 -1103.583793805
    0.241326459   26.603404792 -1377.853947711
    0.244842497   21.428616601 -1540.654837365
    0.248358535   15.968277990 -1535.013220369
    0.251874573   10.837684594 -1357.874126881
    0.255390611    6.562281544 -1063.503944114
    0.258906650    3.409589064 -729.476559284
    0.262422688    1.396778671 -425.387552375
    0.265938726    0.341420457 -187.203259341
    0.269454764    0.000000000  -17.541598604
    0.272970803    0.155628694   96.652813878
    0.276486841    0.622412553  161.147065372
    0.280002879    1.234505954  180.187322490
    0.283518917    1.856737399  170.571915053
    0.287034955    2.420939238  149.884109885
    0.290550994    2.927281361  142.257893255
    0.294067032    3.455644816  162.298289664
    0.297583070    4.087258987  198.081547096
    0.301099108    4.856315533  237.609883196
    0.304615146    5.737234147  260.023823861
    0.308131185    6.651980004  255.266616995
    0.311647223    7.511443982  233.290220644
    0.315163261    8.285206868  209.097267877
    0.318679299    9.000686119  201.625452934
    0.322195338    9.717317966  207.008222950
    0.325711376   10.449952074  207.134669249
    0.329227414   11.147094678  188.128511573
    0.332743452   11.752021573  152.823698248
    0.336259490   12.234199104  124.353268507
    0.339775529   12.664470098  126.465564526
    0.343291567   13.154597831  156.179854429
    0.346807605   13.761326477  186.775372208
    0.350323643   14.434904081  189.449253942
    0.353839682   15.045318776  150.875718095
    0.357355720   15.458167771   78.885366908
    0.360871758   15.596971260   -0.451632199
    0.364387796   15.476954883  -64.359540719
    0.367903834   15.186235941  -94.016266383
    0.371419873   14.858045807  -86.584383744
    0.374935911   14.607555501  -53.714313427
    0.378451949   14.473790650  -25.421777396
    0.381967987   14.402084219  -21.772684165
    0.385484025   14.279223881  -52.071693388
    0.389000064   14.023099269  -93.665317027
    0.392516102   13.632175965 -123.701297501
    0.396032140   13.181222173 -127.967887222
    0.399548178   12.760031991 -110.321452142
    0.403064217   12.412798351  -89.110895218
    0.406580255   12.120717850  -80.417002916
    0.410096293   11.821925378  -91.927028912
    0.413612331   11.450098458 -120.934354985
    0.417128369   10.965108262 -154.429482838
    0.420644408   10.379987702 -175.018468208
    0.424160446    9.769610635 -168.086580790
    0.427676484    9.232679934 -133.572718218
    0.431192522    8.837412350  -92.935055963
    0.434708561    8.562433346  -68.157731538
    0.438224599    8.323764345  -73.283900920
    0.441740637    8.019552919 -100.776574968
    0.445256675    7.616219860 -125.848145530
    0.448772713    7.164419920 -126.180989509
    0.452288752    6.765332135  -97.803795702
    0.455804790    6.492132583  -54.730978728
    0.459320828    6.378127978  -12.700000997
    0.462836866    6.389273614   16.518522003
    0.466352904    6.462531151   21.967011259
    0.469868943    6.521949734    6.824819806
    0.473384981    6.488910092  -28.560789188
    0.476901019    6.302365884  -77.290577663
    0.480417057    5.946864004 -118.681903432
    0.483933096    5.506329388 -124.365711427
    0.487449134    5.117698384  -90.465650465
    0.490965172    4.889540953  -38.525751729
    0.494481210    4.827159215   -3.229883318
    0.497997248    4.815432876   -8.867099179
    0.501513287    4.726266962  -44.685966766
    0.505029325    4.502020381  -79.586109958
    0.508545363    4.205547149  -81.882224515
    0.512061401    3.969645765  -48.022473976
    0.515577439    3.880534571   -4.125456700
    0.519093478    3.917095216   20.100368766
    0.522609516    3.986230029   14.822349669
    0.526125554    3.996564317   -7.678434077
    0.529641592    3.943935278  -18.120655039
    0.533157631    3.892851550   -8.337617025
    0.536673669    3.897054514   10.564297561
    0.540189707    3.964665472   24.021318677
    0.543705745    4.065563407   31.633298857
    0.547221783    4.187511160   38.626504308
    0.550737822    4.338332204   47.646620339
    0.554253860    4.514153050   50.421564824
    0.557769898    4.671673246   36.614783533
    0.561285936    4.759841742   11.743917561
    0.564801975    4.760344639  -10.338694882
    0.568318013    4.713374260  -11.474833235
    0.571834051    4.700617882    5.469179698
    0.575350089    4.752491999   22.188034479
    0.578866127    4.836644473   22.574799806
    0.582382166    4.890899492    5.070354962
    0.585898204    4.865796524  -18.468731651
    0.589414242    4.768267516  -35.960756758
    0.592930280    4.632373241  -38.664281843
    0.596446318    4.520990945  -20.963254079
    0.599962357    4.514934843   22.324816071
    0.603478395    4.703036842   86.164354382
    0.606994433    5.127466622  154.476005036
    0.610510471    5.761687297  200.314140780
    0.614026510    6.487409771  207.995519266
    0.617542548    7.180820494  184.475138970
    0.621058586    7.781803339  157.608893335
    0.624574624    8.313510467  147.580107320
    0.628090662    8.842157322  156.679214178
    0.631606701    9.429668920  178.502583532
    0.635122739   10.098026213  204.122377259
    0.638638777   10.890194109  249.756148759
    0.642154815   11.880515714  315.926022226
    0.645670854   13.127396024  394.543031171
    0.649186892   14.639776113  462.450254770
    0.652702930   16.350235087  504.161577946
    0.656218968   18.155952365  520.021385130
    0.659735006   19.997152282  528.917741400
    0.663251045   21.899450640  556.852175756
    0.666767083   23.933767704  600.384763289
    0.670283121   26.098240807  625.127507794
    0.673799159   28.269512646  598.422658666
    0.677315197   30.233804542  509.972069618
    0.680831236   31.815707435  387.322278684
    0.684347274   32.972145641  278.716912020
    0.687863312   33.834509389  223.061730749
    0.691379350   34.608481942  224.830034327
    0.694895389   35.444269707  251.024209536
    0.698411427   36.356278706  263.694102016
    0.701927465   37.258190417  242.893573530
    0.705443503   38.026854292  191.354166749
    0.708959541   38.593251854  130.397803574
    0.712475580   38.953247765   76.706087181
    0.715991618   39.152448963   39.390283439
    0.719507656   39.248614796   17.591930768
    0.723023694   39.289130417    6.861416608
    0.726539732   39.301878622    1.460374057
    0.730055771   39.303242609   -0.000000000
    0.733571809   39.303242609   -0.000000000
    0.737087847   39.303242609   -0.000000000
    0.740603885   39.303242609   -0.000000000
    0.744119924   39.303242609   -0.000000000
    0.747635962   39.303242609   -0.000000000
    0.751152000   39.303242609   -0.000000000
