#! FIELDS dist file.free der_dist
#! SET min_dist 0.199134
#! SET max_dist 0.751152
#! SET nbins_dist  158
#! SET periodic_dist false
    0.199134000   52.931379825   -0.417620903
    0.202650038   52.928711970   -1.225508894
    0.206166076   52.918093930   -5.695149968
    0.209682115   52.878918876  -18.925824929
    0.213198153   52.763004794  -50.838791819
    0.216714191   52.478685125 -118.059141414
    0.220230229   51.864415735 -243.760488072
    0.223746268   50.676181143 -446.446710879
    0.227262306   48.619649669 -738.273157491
    0.230778344   45.399759858 -1102.634519444
    0.234294382   40.844061051 -1485.662193700
    0.237810420   35.023989750 -1807.570765219
    0.241326459   28.314917013 -1977.144636930
    0.244842497   21.358856664 -1943.256505084
    0.248358535   14.889833179 -1706.381075583
    0.251874573    9.522857983 -1332.126389654
    0.255390611    5.564443844 -925.156155055
    0.258906650    2.955687174 -573.284821287
    0.262422688    1.413025311 -322.833367040
    0.265938726    0.570974850 -170.010060694
    0.269454764    0.146540772  -78.014169490
    0.272970803    0.000000000   -7.668990391
    0.276486841    0.084845727   55.090260987
    0.280002879    0.375669340  108.591820816
    0.283518917    0.835958382  151.411342884
    0.287034955    1.422414490  179.421560756
    0.290550994    2.087310553  198.482164616
    0.294067032    2.819490428  217.228895939
    0.297583070    3.607750912  230.277100528
    0.301099108    4.440510845  242.267797113
    0.304615146    5.300195922  245.533603230
    0.308131185    6.150731687  235.997013052
    0.311647223    6.951019479  219.932196353
    0.315163261    7.690747638  202.464338213
    0.318679299    8.386239555  195.586619627
    0.322195338    9.069573109  192.987947988
    0.325711376    9.731707915  181.579180699
    0.329227414   10.320284220  152.892610693
    0.332743452   10.790430885  111.975468372
    0.336259490   11.117309277   77.054702820
    0.339775529   11.368468040   71.410075788
    0.343291567   11.650977327   93.660664447
    0.346807605   12.033005603  122.937895893
    0.350323643   12.495857303  135.125106076
    0.353839682   12.946137814  115.060495421
    0.357355720   13.267476438   62.437901684
    0.360871758   13.373353434   -3.610935302
    0.364387796   13.254443543  -61.711567604
    0.367903834   12.975211272  -91.093911346
    0.371419873   12.653278219  -86.726484033
    0.374935911   12.391743911  -60.196021516
    0.378451949   12.221908974  -38.676820143
    0.381967987   12.097959991  -37.414419410
    0.385484025   11.925143402  -63.740007360
    0.389000064   11.645288284  -95.299497326
    0.392516102   11.265295274 -116.395477177
    0.396032140   10.847474029 -117.471156346
    0.399548178   10.457506598 -103.800382665
    0.403064217   10.122071470  -88.714031407
    0.406580255    9.826336194  -81.659378601
    0.410096293    9.530911602  -87.986203582
    0.413612331    9.190280208 -106.735877128
    0.417128369    8.773232024 -130.653314056
    0.420644408    8.280930583 -147.253731975
    0.424160446    7.766632143 -142.172633530
    0.427676484    7.310160165 -114.012333194
    0.431192522    6.975478305  -76.957380009
    0.434708561    6.756899824  -51.034573727
    0.438224599    6.585147618  -53.089701591
    0.441740637    6.354139348  -80.989575252
    0.445256675    6.007151284 -115.132995754
    0.448772713    5.568206142 -130.163432497
    0.452288752    5.129520869 -116.276055182
    0.455804790    4.775289396  -81.285218704
    0.459320828    4.562408541  -41.522404079
    0.462836866    4.473421320  -10.588944870
    0.466352904    4.462192054    1.824885150
    0.469868943    4.471880057    0.189023788
    0.473384981    4.450731020  -13.985719589
    0.476901019    4.358383547  -38.723766100
    0.480417057    4.172609016  -62.357057286
    0.483933096    3.940409314  -64.463282506
    0.487449134    3.747898519  -41.085609225
    0.490965172    3.662126056   -7.075945292
    0.494481210    3.682238238   13.332767079
    0.497997248    3.714600919    1.084263745
    0.501513287    3.662558905  -32.965920648
    0.505029325    3.484316341  -65.399800616
    0.508545363    3.237398646  -68.657945974
    0.512061401    3.040665432  -39.419126796
    0.515577439    2.974607381    0.818395641
    0.519093478    3.030090496   26.725100685
    0.522609516    3.131232296   26.288345734
    0.526125554    3.188484711    6.494061356
    0.529641592    3.180331817   -8.277089027
    0.533157631    3.146426301   -8.672492713
    0.536673669    3.128792466   -1.163139158
    0.540189707    3.143304466    6.986935030
    0.543705745    3.186772557   17.079415517
    0.547221783    3.268936665   31.212519113
    0.550737822    3.409000141   48.965402217
    0.554253860    3.602838747   59.174046343
    0.557769898    3.802386357   51.302313582
    0.561285936    3.951548886   31.524624705
    0.564801975    4.028649019   13.306277619
    0.568318013    4.071264047   15.588983390
    0.571834051    4.160247118   36.326403649
    0.575350089    4.330994395   59.513536861
    0.578866127    4.562432253   69.421792035
    0.582382166    4.802032174   62.895685828
    0.585898204    4.990715202   43.694109389
    0.589414242    5.102075666   18.262705561
    0.592930280    5.119528111   -8.402318501
    0.596446318    5.055592662  -24.766228942
    0.599962357    4.977003034  -14.128748134
    0.603478395    4.994940165   28.384041170
    0.606994433    5.197621028   88.931370088
    0.610510471    5.606315071  138.720259551
    0.614026510    6.129958057  154.784887804
    0.617542548    6.651716684  140.173579112
    0.621058586    7.113256085  122.787829745
    0.624574624    7.545193462  126.383020815
    0.628090662    8.029181085  153.336435003
    0.631606701    8.636678314  193.323593724
    0.635122739    9.381319860  231.851521428
    0.638638777   10.282123294  282.235493236
    0.642154815   11.372122893  338.250602327
    0.645670854   12.667988578  397.964051601
    0.649186892   14.150337254  441.513999178
    0.652702930   15.743541236  457.886558657
    0.656218968   17.335111065  446.210896051
    0.659735006   18.881673506  436.735928606
    0.663251045   20.446070334  459.208567138
    0.666767083   22.160717830  521.728371151
    0.670283121   24.130273379  598.566363559
    0.673799159   26.346703736  655.279535458
    0.677315197   28.688749925  670.261167238
    0.680831236   31.025799645  656.302411104
    0.684347274   33.313500408  651.330513259
    0.687863312   35.649880429  685.677581349
    0.691379350   38.174459667  752.675029056
    0.694895389   40.928596924  806.814419013
    0.698411427   43.775115942  800.265471634
    0.701927465   46.461411449  714.944949077
    0.705443503   48.728427144  568.465006904
    0.708959541   50.437869526  403.820920062
    0.712475580   51.585910302  254.721628983
    0.715991618   52.275562666  143.914472052
    0.719507656   52.647845761   73.643146147
    0.723023694   52.828628828   33.353492524
    0.726539732   52.899031334   11.059555486
    0.730055771   52.922649707    3.800423457
    0.733571809   52.930811028    0.773776116
    0.737087847   52.931379926   -0.000000000
    0.740603885   52.931379926   -0.000000000
    0.744119924   52.931379926   -0.000000000
    0.747635962   52.931379926   -0.000000000
    0.751152000   52.931379926   -0.000000000
