#! FIELDS dist file.free der_dist
#! SET min_dist 0.199134
#! SET max_dist 0.751152
#! SET nbins_dist  158
#! SET periodic_dist false
    0.199134000   53.287984490   -0.417620903
    0.202650038   53.285316635   -1.225508894
    0.206166076   53.274698595   -5.695149968
    0.209682115   53.235523541  -18.925824929
    0.213198153   53.119609459  -50.838791819
    0.216714191   52.835047169 -118.179790437
    0.220230229   52.219948778 -244.137596351
    0.223746268   51.029381451 -447.459869055
    0.227262306   48.967415656 -740.458180055
    0.230778344   45.736730142 -1106.721229222
    0.234294382   41.162226793 -1492.390664962
    0.237810420   35.313178220 -1817.318965360
    0.241326459   28.564964266 -1989.487718827
    0.244842497   21.562908406 -1956.806133696
    0.248358535   15.046815438 -1719.298045122
    0.251874573    9.637861395 -1342.913926553
    0.255390611    5.646017699 -933.411344278
    0.258906650    3.011979621 -579.568679011
    0.262422688    1.449366985 -328.003468530
    0.265938726    0.590575520 -174.326833370
    0.269454764    0.153161522  -80.924378519
    0.272970803    0.000000000   -8.411622450
    0.276486841    0.086380046   56.639883737
    0.280002879    0.385406088  111.473730546
    0.283518917    0.856265112  154.325205260
    0.287034955    1.451399793  181.377828550
    0.290550994    2.121127861  199.277395708
    0.294067032    2.854714888  217.381853377
    0.297583070    3.643347140  230.424563613
    0.301099108    4.476964651  242.576260026
    0.304615146    5.337095257  245.348418582
    0.308131185    6.184382672  234.105118308
    0.311647223    6.973428499  215.306649788
    0.315163261    7.691525775  194.796725220
    0.318679299    8.355980673  185.902276389
    0.322195338    9.004458973  183.345267029
    0.325711376    9.636702069  174.580871072
    0.329227414   10.208304193  150.403460788
    0.332743452   10.678045728  114.075613408
    0.336259490   11.018453381   82.318687326
    0.339775529   11.290326577   77.553963178
    0.343291567   11.593177350   98.871102882
    0.346807605   11.990622517  126.452569034
    0.350323643   12.463315331  137.348824437
    0.353839682   12.920909216  117.165833233
    0.357355720   13.250894449   65.404514954
    0.360871758   13.369537843    0.628958991
    0.364387796   13.267416774  -56.430217030
    0.367903834   13.007085356  -85.846137472
    0.371419873   12.701553914  -82.913022078
    0.374935911   12.448518771  -59.390304330
    0.378451949   12.274024726  -42.279029085
    0.381967987   12.129376538  -45.515652356
    0.385484025   11.921319161  -75.459483236
    0.389000064   11.596706453 -108.689782915
    0.392516102   11.169425862 -129.545077711
    0.396032140   10.707918725 -129.094655164
    0.399548178   10.280371156 -113.629619084
    0.403064217    9.913165176  -97.033266204
    0.406580255    9.590821416  -88.455921906
    0.410096293    9.274650465  -92.932738180
    0.413612331    8.920392975 -109.461849654
    0.417128369    8.497736406 -131.235359238
    0.420644408    8.006398339 -146.256629060
    0.424160446    7.497452121 -140.236746310
    0.427676484    7.049336100 -111.134855869
    0.431192522    6.726946239  -72.877153904
    0.434708561    6.525014014  -45.660263350
    0.438224599    6.373275480  -47.267701119
    0.441740637    6.161782103  -75.977120551
    0.445256675    5.828567191 -112.511190608
    0.448772713    5.392874145 -131.009678698
    0.452288752    4.945502014 -120.236219567
    0.455804790    4.573679477  -87.036314502
    0.459320828    4.340331675  -47.122054583
    0.462836866    4.233951801  -14.855385213
    0.466352904    4.209264385   -1.839657299
    0.469868943    4.203752148   -5.290494029
    0.473384981    4.156282038  -23.875201618
    0.476901019    4.019593953  -54.021975782
    0.480417057    3.772372790  -81.594619242
    0.483933096    3.470293240  -84.343091490
    0.487449134    3.212172657  -58.091152821
    0.490965172    3.075240761  -18.895811415
    0.494481210    3.064584543    7.659592071
    0.497997248    3.087151748    1.012862289
    0.501513287    3.042512978  -29.048938408
    0.505029325    2.881671253  -59.872637829
    0.508545363    2.652846866  -64.302562139
    0.512061401    2.466058002  -38.352284847
    0.515577439    2.396648356   -2.067377232
    0.519093478    2.436745993   21.225506684
    0.522609516    2.517278154   20.475378535
    0.526125554    2.557386780    2.904590368
    0.529641592    2.543054447   -8.023633513
    0.533157631    2.517958042   -3.923533544
    0.536673669    2.524433302    7.636871917
    0.540189707    2.575053413   18.396442140
    0.543705745    2.660156688   28.976710348
    0.547221783    2.781737262   41.469072652
    0.550737822    2.952866900   56.217533172
    0.554253860    3.166182832   62.972447406
    0.557769898    3.373078663   51.639827606
    0.561285936    3.517694585   28.667487118
    0.564801975    3.579662849    7.544920186
    0.568318013    3.597127335    7.077006189
    0.571834051    3.652122684   25.718165287
    0.575350089    3.783573641   48.034955446
    0.578866127    3.975738789   58.931975430
    0.582382166    4.183220437   55.484145879
    0.585898204    4.353916567   41.148830425
    0.589414242    4.466446958   21.478445459
    0.592930280    4.504339166   -0.312156861
    0.596446318    4.473975598  -14.268706993
    0.599962357    4.431889001   -4.362807835
    0.603478395    4.479268735   35.116102296
    0.606994433    4.699152290   92.042410546
    0.610510471    5.113931356  139.344736102
    0.614026510    5.638539285  154.967485469
    0.617542548    6.162899163  141.804093394
    0.621058586    6.634456498  126.883953600
    0.624574624    7.084606556  132.464004937
    0.628090662    7.590378989  159.104951421
    0.631606701    8.212531715  195.201121026
    0.635122739    8.950685859  225.704730106
    0.638638777    9.811119149  265.238788093
    0.642154815   10.822528004  310.948272005
    0.645670854   12.009567945  364.042679966
    0.649186892   13.370622893  407.693472234
    0.652702930   14.854442312  430.550884420
    0.656218968   16.366407595  428.410977243
    0.659735006   17.863415004  425.633134938
    0.663251045   19.389947857  447.123436741
    0.666767083   21.046118880  499.140639073
    0.670283121   22.909142782  560.360663850
    0.673799159   24.968289020  605.620736585
    0.677315197   27.129812843  620.797874050
    0.680831236   29.319783451  624.747708061
    0.684347274   31.546673209  649.284826099
    0.687863312   33.928834242  712.539665558
    0.691379350   36.580495737  795.108262283
    0.694895389   39.484518749  846.789594396
    0.698411427   42.448279409  826.018136463
    0.701927465   45.201379284  728.790240700
    0.705443503   47.516353315  584.913636406
    0.708959541   49.312952118  439.217718176
    0.712475580   50.630815376  315.857815584
    0.715991618   51.571760887  223.243270224
    0.719507656   52.233335653  156.025259058
    0.723023694   52.685829168  103.616960255
    0.726539732   52.969083793   61.381979173
    0.730055771   53.133931277   34.556158375
    0.733571809   53.223048416   17.035040338
    0.737087847   53.263749533    7.439126406
    0.740603885   53.281032326    2.959489078
    0.744119924   53.287524601    1.027368817
    0.747635962   53.287984591   -0.000000000
    0.751152000   53.287984591   -0.000000000
