#! FIELDS dist file.free der_dist
#! SET min_dist 0.199134
#! SET max_dist 0.751152
#! SET nbins_dist  158
#! SET periodic_dist false
    0.199134000   56.048704661   -0.417620903
    0.202650038   56.046036805   -1.225508894
    0.206166076   56.035177637   -5.923505003
    0.209682115   55.993060230  -20.673423490
    0.213198153   55.865983565  -55.967455721
    0.216714191   55.551079649 -131.132874105
    0.220230229   54.866586212 -271.944903156
    0.223746268   53.538896582 -499.283502581
    0.227262306   51.238983216 -825.196050313
    0.230778344   47.646174441 -1227.791513392
    0.234294382   42.591015775 -1642.430179324
    0.237810420   36.190360113 -1976.874335636
    0.241326459   28.903868519 -2131.459849615
    0.244842497   21.470802367 -2056.744879362
    0.248358535   14.696898434 -1765.518272561
    0.251874573    9.214171436 -1340.913385288
    0.255390611    5.288548415 -901.466462359
    0.258906650    2.787143509 -539.487856126
    0.262422688    1.354302155 -296.277203712
    0.265938726    0.579799245 -158.510682790
    0.269454764    0.170318371  -80.199301433
    0.272970803    0.000000000  -18.029576266
    0.276486841    0.042088746   41.755904760
    0.280002879    0.285078873   94.813570665
    0.283518917    0.698725720  138.730761844
    0.287034955    1.243624036  168.879568442
    0.290550994    1.879151149  192.951273016
    0.294067032    2.605421391  219.830586033
    0.297583070    3.419026854  241.981812422
    0.301099108    4.305421779  260.142720684
    0.304615146    5.229335932  263.075913874
    0.308131185    6.130541080  246.488084043
    0.311647223    6.951820871  221.626285402
    0.315163261    7.687563226  199.604647126
    0.318679299    8.377088491  196.453138452
    0.322195338    9.080397281  204.464146722
    0.325711376    9.806230311  206.209636988
    0.329227414   10.500456817  187.390163812
    0.332743452   11.098674418  148.983818459
    0.336259490   11.547458056  108.133294195
    0.339775529   11.887930190   90.353083818
    0.343291567   12.210166219   97.146846195
    0.346807605   12.577884008  111.669780338
    0.350323643   12.980555804  112.991092510
    0.353839682   13.342508012   87.958332289
    0.357355720   13.568501788   36.193969595
    0.360871758   13.590724128  -24.333830866
    0.364387796   13.412885476  -74.235320381
    0.367903834   13.104979498  -94.967902961
    0.371419873   12.782476460  -83.695143446
    0.374935911   12.538995875  -53.563370257
    0.378451949   12.392558219  -32.448436443
    0.381967987   12.286050607  -33.980021486
    0.385484025   12.119592593  -63.498116334
    0.389000064   11.837458645  -96.485827823
    0.392516102   11.454649195 -116.171742385
    0.396032140   11.044481727 -112.789274519
    0.399548178   10.682728820  -92.364236740
    0.403064217   10.399846747  -70.401569203
    0.406580255   10.177130480  -59.261662906
    0.410096293    9.959038994  -67.551320158
    0.413612331    9.674850184  -96.111432940
    0.417128369    9.269487605 -135.389523328
    0.420644408    8.730873282 -168.538347207
    0.424160446    8.118079235 -175.835748655
    0.427676484    7.533116287 -152.123564983
    0.431192522    7.068766260 -111.435882439
    0.434708561    6.743618783  -76.670098003
    0.438224599    6.500569221  -68.067944156
    0.441740637    6.233968554  -86.826187314
    0.445256675    5.878339082 -114.821088553
    0.448772713    5.446105504 -127.215924924
    0.452288752    5.017386946 -114.139313441
    0.455804790    4.665016638  -82.745817043
    0.459320828    4.438003762  -48.215783294
    0.462836866    4.316520219  -22.186230401
    0.466352904    4.258743780  -12.538320355
    0.469868943    4.217699464  -13.759114118
    0.473384981    4.153298363  -24.047103773
    0.476901019    4.036230995  -42.456940311
    0.480417057    3.849726220  -59.133974177
    0.483933096    3.638559437  -56.104124949
    0.487449134    3.480055275  -30.902485436
    0.490965172    3.427307562    1.030288578
    0.494481210    3.469461939   17.737678985
    0.497997248    3.512018465    2.887377173
    0.501513287    3.466259557  -30.655463054
    0.505029325    3.300918911  -60.232908069
    0.508545363    3.077493378  -60.908873249
    0.512061401    2.907752423  -32.643113292
    0.515577439    2.857708001    2.600447895
    0.519093478    2.907513965   21.605126668
    0.522609516    2.979883972   15.499688926
    0.526125554    2.993962367   -6.662647871
    0.529641592    2.939856105  -20.858331160
    0.533157631    2.865092587  -19.261529074
    0.536673669    2.813599701  -10.022923098
    0.540189707    2.798411959   -1.159818107
    0.543705745    2.813834705    9.329030714
    0.547221783    2.871043831   25.145950405
    0.550737822    2.996317106   47.102731559
    0.554253860    3.194419745   63.876097143
    0.557769898    3.423901996   63.467807450
    0.561285936    3.626081952   49.056929570
    0.564801975    3.768208727   31.840860466
    0.568318013    3.869945254   29.711006197
    0.571834051    3.993616717   41.437402787
    0.575350089    4.164102175   54.356532068
    0.578866127    4.362650902   56.744461006
    0.582382166    4.553046454   48.936012382
    0.585898204    4.701381267   35.939182853
    0.589414242    4.804697094   21.868368252
    0.592930280    4.855169729    6.162638094
    0.596446318    4.854313180   -4.783895765
    0.599962357    4.843007401    2.788291670
    0.603478395    4.903932099   34.934368373
    0.606994433    5.105222732   81.385564270
    0.610510471    5.464278448  118.734167989
    0.614026510    5.904308124  128.470310741
    0.617542548    6.335796675  116.806340431
    0.621058586    6.733591762  111.205567004
    0.624574624    7.153024039  131.274569290
    0.628090662    7.681915398  172.965678339
    0.631606701    8.373173907  219.732729102
    0.635122739    9.205939503  254.102903986
    0.638638777   10.166515997  293.089664443
    0.642154815   11.273078858  337.377956374
    0.645670854   12.552606089  390.449940026
    0.649186892   14.008053311  434.959883764
    0.652702930   15.586106094  456.562109640
    0.656218968   17.183458079  450.409414213
    0.659735006   18.747300183  441.579131195
    0.663251045   20.318959535  456.872701424
    0.666767083   22.001306443  504.350791645
    0.670283121   23.872340920  559.513829501
    0.673799159   25.913955509  595.729869513
    0.677315197   28.018649196  597.913731059
    0.680831236   30.104161301  588.684704258
    0.684347274   32.189111012  606.281163185
    0.687863312   34.426323490  675.586048624
    0.691379350   36.981248855  779.603436544
    0.694895389   39.887734076  865.297165370
    0.698411427   42.985291340  883.607361888
    0.701927465   46.003757661  820.548310346
    0.705443503   48.681783191  696.938623478
    0.708959541   50.881793098  553.521655593
    0.712475580   52.580539691  416.086749883
    0.715991618   53.833713915  299.660285797
    0.719507656   54.718827906  207.063724295
    0.723023694   55.311246799  133.287802047
    0.726539732   55.671607188   76.408931404
    0.730055771   55.873030706   41.249337015
    0.733571809   55.977412715   19.476641853
    0.737087847   56.023540112    8.313589832
    0.740603885   56.041752497    2.959489078
    0.744119924   56.048244771    1.027368817
    0.747635962   56.048704761   -0.000000000
    0.751152000   56.048704761   -0.000000000
