#! FIELDS dist file.free der_dist
#! SET min_dist 0.199134
#! SET max_dist 0.751152
#! SET nbins_dist  158
#! SET periodic_dist false
    0.199134000   43.494887586   -0.000000000
    0.202650038   43.494887586   -0.000000000
    0.206166076   43.492909089   -1.406322976
    0.209682115   43.480823414   -6.885203232
    0.213198153   43.434766545  -21.385310653
    0.216714191   43.304984184  -56.604128424
    0.220230229   42.991351795 -130.646159543
    0.223746268   42.323333071 -260.194702158
    0.227262306   41.074401597 -463.714440190
    0.230778344   38.975111481 -742.141133389
    0.234294382   35.798711623 -1068.891762495
    0.237810420   31.464558089 -1390.081010512
    0.241326459   26.126630850 -1625.426027422
    0.244842497   20.211340744 -1708.912856982
    0.248358535   14.333074773 -1603.142237444
    0.251874573    9.137381287 -1329.494394948
    0.255390611    5.095213166 -964.847999748
    0.258906650    2.359161127 -597.948037404
    0.262422688    0.808572940 -300.142651387
    0.265938726    0.133293275 -100.488289885
    0.269454764    0.000000000   12.527632416
    0.272970803    0.158329748   69.323841298
    0.276486841    0.448016144   91.276410073
    0.280002879    0.778568995   94.579387950
    0.283518917    1.113264595   96.922099568
    0.287034955    1.467709739  106.278170965
    0.290550994    1.881568076  132.515038854
    0.294067032    2.422530823  176.893209531
    0.297583070    3.127064329  222.947328521
    0.301099108    3.988328433  264.451750185
    0.304615146    4.963428924  287.024631988
    0.308131185    5.975972030  284.528107773
    0.311647223    6.942577364  264.203261201
    0.315163261    7.818011830  234.396469765
    0.318679299    8.598125483  211.298559525
    0.322195338    9.308801414  193.024333949
    0.325711376    9.946989183  168.442406993
    0.329227414   10.475250261  132.666715255
    0.332743452   10.872755769   92.313276193
    0.336259490   11.148735049   69.062580912
    0.339775529   11.403249091   82.029153480
    0.343291567   11.756071810  122.008206500
    0.346807605   12.254806682  158.594965486
    0.350323643   12.832938902  162.457864212
    0.353839682   13.348008241  123.678914137
    0.357355720   13.663978828   51.578975026
    0.360871758   13.710390475  -24.957933022
    0.364387796   13.513073691  -83.348877239
    0.367903834   13.168232449 -106.001674085
    0.371419873   12.810201914  -92.066958625
    0.374935911   12.547662232  -55.376654674
    0.378451949   12.409843634  -25.777210559
    0.381967987   12.339509383  -20.659477855
    0.385484025   12.226446104  -47.065261326
    0.389000064   12.000285055  -81.540781212
    0.392516102   11.663914581 -105.340320912
    0.396032140   11.280812972 -108.455795176
    0.399548178   10.919426771  -96.803237813
    0.403064217   10.601351462  -86.381577799
    0.406580255   10.303133613  -85.772051447
    0.410096293    9.980574276  -98.811314094
    0.413612331    9.593985051 -121.495955641
    0.417128369    9.124893324 -144.826739298
    0.420644408    8.589217873 -157.153691322
    0.424160446    8.052980406 -144.318396226
    0.427676484    7.606808350 -105.568678785
    0.431192522    7.320719401  -58.027949496
    0.434708561    7.183707035  -24.362494827
    0.438224599    7.111932590  -23.569424352
    0.441740637    6.982589713  -52.967550721
    0.445256675    6.729836252  -89.426678447
    0.448772713    6.377025095 -106.844248056
    0.452288752    6.014684327  -96.248280246
    0.455804790    5.722385401  -66.224650165
    0.459320828    5.552540915  -32.004933971
    0.462836866    5.489404649   -5.405030328
    0.466352904    5.489644626    3.396946282
    0.469868943    5.498274868   -2.549333091
    0.473384981    5.456065528  -23.800810592
    0.476901019    5.316619969  -54.905840185
    0.480417057    5.073246767  -77.112800510
    0.483933096    4.810858860  -64.866324385
    0.487449134    4.658658862  -16.756324530
    0.490965172    4.701088494   39.960989661
    0.494481210    4.905360337   67.616942240
    0.497997248    5.110248647   41.813699205
    0.501513287    5.153259305  -20.796000294
    0.505029325    4.966196329  -81.248143542
    0.508545363    4.632415184  -99.549743670
    0.512061401    4.326153291  -68.137980433
    0.515577439    4.180849552  -14.309003483
    0.519093478    4.209842320   26.249426952
    0.522609516    4.327970930   35.500941999
    0.526125554    4.425936938   19.688129474
    0.529641592    4.464384934    4.640380191
    0.533157631    4.471088942    1.010063310
    0.536673669    4.479974526    4.023069869
    0.540189707    4.502512676    6.226593817
    0.543705745    4.534872222   11.949736505
    0.547221783    4.598359560   26.591352990
    0.550737822    4.731874679   50.561460530
    0.554253860    4.947834836   70.223102490
    0.557769898    5.201609587   70.557550640
    0.561285936    5.424822133   53.384345737
    0.564801975    5.574960307   32.001999347
    0.568318013    5.669804851   26.282915642
    0.571834051    5.778862705   36.923349340
    0.575350089    5.930899109   47.957588536
    0.578866127    6.096268153   42.633545822
    0.582382166    6.210186374   18.349432802
    0.585898204    6.214533469  -15.356659288
    0.589414242    6.107335705  -44.603905873
    0.592930280    5.921656129  -57.951744119
    0.596446318    5.730823534  -45.830345680
    0.599962357    5.635835737   -2.330524486
    0.603478395    5.743783367   65.743230606
    0.606994433    6.103775442  138.185954949
    0.610510471    6.685478483  186.217565615
    0.614026510    7.361946900  193.697790174
    0.617542548    8.003520829  169.742333852
    0.621058586    8.557054709  146.082539502
    0.624574624    9.061175844  144.203313015
    0.628090662    9.600315764  166.466878095
    0.631606701   10.247608982  202.570820970
    0.635122739   11.018518795  236.736808845
    0.638638777   11.925465663  280.234125319
    0.642154815   12.992005231  327.312211137
    0.645670854   14.227164619  374.269011415
    0.649186892   15.601379568  403.645340719
    0.652702930   17.039560907  409.256121513
    0.656218968   18.459827535  398.842224956
    0.659735006   19.855469502  400.097845036
    0.663251045   21.324014267  442.743740960
    0.666767083   23.020772111  526.672428055
    0.670283121   25.031058993  614.418450548
    0.673799159   27.296933174  663.947868663
    0.677315197   29.623972049  648.986158702
    0.680831236   31.798522233  581.066594534
    0.684347274   33.691872318  499.038442736
    0.687863312   35.333923168  442.046472570
    0.691379350   36.842574811  420.905651037
    0.694895389   38.307045263  411.069490613
    0.698411427   39.711800984  383.627687470
    0.701927465   40.967172545  324.908352343
    0.705443503   41.966257779  241.670366990
    0.708959541   42.667198521  158.265351025
    0.712475580   43.095617580   89.815616643
    0.715991618   43.326584000   44.738255459
    0.719507656   43.435190620   19.726017022
    0.723023694   43.480393645    7.604473427
    0.726539732   43.493523600    1.460374057
    0.730055771   43.494887586   -0.000000000
    0.733571809   43.494887586   -0.000000000
    0.737087847   43.494887586   -0.000000000
    0.740603885   43.494887586   -0.000000000
    0.744119924   43.494887586   -0.000000000
    0.747635962   43.494887586   -0.000000000
    0.751152000   43.494887586   -0.000000000
