#! FIELDS dist file.free der_dist
#! SET min_dist 0.199134
#! SET max_dist 0.751152
#! SET nbins_dist  158
#! SET periodic_dist false
    0.199134000   60.158154915   -0.417620903
    0.202650038   60.155487060   -1.225508894
    0.206166076   60.143482459   -7.005623882
    0.209682115   60.092705811  -24.950969664
    0.213198153   59.938509047  -68.202112203
    0.216714191   59.554604166 -159.847299108
    0.220230229   58.722120680 -329.878812461
    0.223746268   57.117089288 -601.546714392
    0.227262306   54.362216935 -982.803339440
    0.230778344   50.118226882 -1438.705734848
    0.234294382   44.256505902 -1884.942503485
    0.237810420   37.003917927 -2211.450627625
    0.241326459   28.972756583 -2313.734305834
    0.244842497   21.039059589 -2156.190000530
    0.248358535   14.070549399 -1778.727351021
    0.251874573    8.661194735 -1291.643429290
    0.255390611    4.963272787 -827.767114318
    0.258906650    2.711331142 -476.071638670
    0.262422688    1.452415957 -262.447980157
    0.265938726    0.740062927 -156.007995938
    0.269454764    0.298529621  -98.735586855
    0.272970803    0.046035669  -44.024778444
    0.276486841    0.000000000   18.892749761
    0.280002879    0.176554943   80.317009548
    0.283518917    0.554420995  132.525409782
    0.287034955    1.087592868  167.871162518
    0.290550994    1.722928068  193.057336362
    0.294067032    2.445809547  217.243925416
    0.297583070    3.241459445  234.096795870
    0.301099108    4.089609993  246.392630448
    0.304615146    4.957902503  245.688167427
    0.308131185    5.797593154  229.678127488
    0.311647223    6.567718299  210.142852449
    0.315163261    7.277749025  196.946821988
    0.318679299    7.976065747  204.060183785
    0.322195338    8.723816649  221.870401967
    0.325711376    9.525657917  231.646847755
    0.329227414   10.320206505  218.436922608
    0.332743452   11.031981287  181.688927014
    0.336259490   11.589113560  135.686500865
    0.339775529   12.004265596  103.733787808
    0.343291567   12.336624539   88.769063769
    0.346807605   12.634144818   80.645919836
    0.350323643   12.899457001   67.956929127
    0.353839682   13.101057761   45.036228619
    0.357355720   13.206839447   13.323470374
    0.360871758   13.201601203  -16.319183159
    0.364387796   13.105964560  -36.698242558
    0.367903834   12.964971755  -40.357628664
    0.371419873   12.838926946  -29.211711430
    0.374935911   12.766974773  -12.150522595
    0.378451949   12.733967224   -9.418572328
    0.381967987   12.679756076  -26.265951236
    0.385484025   12.523115497  -64.315360729
    0.389000064   12.232749066  -99.510120398
    0.392516102   11.839046616 -119.219249395
    0.396032140   11.416628061 -117.106488542
    0.399548178   11.034409961  -99.957040901
    0.403064217   10.719283436  -80.761608677
    0.406580255   10.459735466  -69.186356872
    0.410096293   10.213981389  -72.585482924
    0.413612331    9.926437338  -92.761929832
    0.417128369    9.547658540 -123.974808150
    0.420644408    9.058469418 -152.655494150
    0.424160446    8.501859516 -160.469229636
    0.427676484    7.965055269 -140.391816147
    0.431192522    7.535273967 -103.153417485
    0.434708561    7.237552853  -68.446504271
    0.438224599    7.030675109  -54.948226831
    0.441740637    6.824272819  -65.346303941
    0.445256675    6.558854422  -85.741491879
    0.448772713    6.233315535  -96.968994285
    0.452288752    5.899458123  -92.038246754
    0.455804790    5.597631039  -77.096048486
    0.459320828    5.356712586  -61.582520445
    0.462836866    5.160526572  -49.862443836
    0.466352904    4.995008029  -44.195453521
    0.469868943    4.852646276  -38.177302071
    0.473384981    4.725176070  -34.938285530
    0.476901019    4.593854637  -40.346343483
    0.480417057    4.429697288  -49.714554452
    0.483933096    4.253869228  -46.622568801
    0.487449134    4.121104888  -26.257652731
    0.490965172    4.073791848   -0.228803525
    0.494481210    4.104331482   12.987219159
    0.497997248    4.129603618   -1.614729986
    0.501513287    4.072731361  -32.181207703
    0.505029325    3.907670967  -58.663965666
    0.508545363    3.692013850  -58.531647373
    0.512061401    3.525574924  -33.800948996
    0.515577439    3.459792004   -5.770837850
    0.519093478    3.465047216    4.874662347
    0.522609516    3.467961388   -6.379521682
    0.526125554    3.405141897  -27.379662612
    0.529641592    3.289840492  -34.020611129
    0.533157631    3.187812591  -21.451973517
    0.536673669    3.147033605   -2.153433654
    0.540189707    3.172132485   13.056619223
    0.543705745    3.240815604   24.602795354
    0.547221783    3.346840457   37.044917301
    0.550737822    3.503862445   53.018597059
    0.554253860    3.711483993   63.442697042
    0.557769898    3.930915923   58.630341358
    0.561285936    4.112486457   42.921253317
    0.564801975    4.235344697   27.520541069
    0.568318013    4.328136503   29.072958465
    0.571834051    4.455746626   44.164743776
    0.575350089    4.639487134   58.863845277
    0.578866127    4.854338873   61.200950931
    0.582382166    5.057670492   51.588435129
    0.585898204    5.210264510   35.298466384
    0.589414242    5.302751651   16.014689640
    0.592930280    5.320682631   -6.734091541
    0.596446318    5.260914461  -25.405557330
    0.599962357    5.165995451  -23.629612901
    0.603478395    5.129005239    6.523824374
    0.606994433    5.236088178   57.191042734
    0.610510471    5.525979170  104.310953023
    0.614026510    5.938270386  127.295404983
    0.617542548    6.389275317  128.883798038
    0.621058586    6.848849086  133.479598743
    0.624574624    7.357366022  159.023343120
    0.628090662    7.987839875  202.323420871
    0.631606701    8.780271970  247.603040788
    0.635122739    9.703375332  277.084920538
    0.638638777   10.731350846  307.855125694
    0.642154815   11.870364547  340.915555503
    0.645670854   13.140920066  381.872515460
    0.649186892   14.546856624  415.770476224
    0.652702930   16.042852630  429.624219587
    0.656218968   17.536619241  418.789027783
    0.659735006   18.981774831  405.964584358
    0.663251045   20.423094259  418.728226431
    0.666767083   21.970762979  466.135214012
    0.670283121   23.717356941  528.309727410
    0.673799159   25.674905288  580.798639665
    0.677315197   27.769662395  607.935118556
    0.680831236   29.939619566  625.819983751
    0.684347274   32.197514161  665.653039723
    0.687863312   34.660552972  741.546709939
    0.691379350   37.428395942  830.995184881
    0.694895389   40.461853674  883.847123173
    0.698411427   43.553748445  861.834037850
    0.701927465   46.436096569  768.184293608
    0.705443503   48.914494172  641.668836051
    0.708959541   50.971646434  534.146898850
    0.712475580   52.717818790  466.732565348
    0.715991618   54.293355715  431.795383147
    0.719507656   55.763215804  402.110326914
    0.723023694   57.095258330  351.383692348
    0.726539732   58.200107394  275.549578785
    0.730055771   59.024520027  193.833619880
    0.733571809   59.572318451  119.613682644
    0.737087847   59.889706414   64.262182027
    0.740603885   60.050716195   30.590185022
    0.744119924   60.123538615   12.895767403
    0.747635962   60.150792154    3.799857841
    0.751152000   60.158155016   -0.000000000
