#! FIELDS dist file.free der_dist
#! SET min_dist 0.199134
#! SET max_dist 0.751152
#! SET nbins_dist  158
#! SET periodic_dist false
    0.199134000   32.922795607   -0.000000000
    0.202650038   32.922795607   -0.000000000
    0.206166076   32.922795607   -0.000000000
    0.209682115   32.922795607   -0.000000000
    0.213198153   32.922039218   -0.614391075
    0.216714191   32.917603923   -3.023785057
    0.220230229   32.888477848  -16.255281894
    0.223746268   32.785689434  -45.980312656
    0.227262306   32.524880892 -110.369800888
    0.230778344   31.945552781 -230.764541552
    0.234294382   30.817628478 -423.671331034
    0.237810420   28.879551418 -689.543236231
    0.241326459   25.930149038 -988.364438518
    0.244842497   21.966351567 -1252.812800309
    0.248358535   17.260310516 -1397.983367042
    0.251874573   12.341044388 -1369.766501485
    0.255390611    7.829278309 -1174.785331304
    0.258906650    4.213672888 -869.729271004
    0.262422688    1.747895176 -534.859889504
    0.265938726    0.409331433 -236.587293888
    0.269454764    0.000000000   -9.512086196
    0.272970803    0.251687391  138.545142093
    0.276486841    0.884342468  209.286820964
    0.280002879    1.649714533  217.356314764
    0.283518917    2.367734039  187.740640146
    0.287034955    2.965804391  153.234591077
    0.290550994    3.472400248  141.499882220
    0.294067032    4.008628713  169.238799397
    0.297583070    4.691621627  221.333699521
    0.301099108    5.572667791  277.556808365
    0.304615146    6.612305804  308.194015217
    0.308131185    7.687253745  295.458581291
    0.311647223    8.647390855  247.833087089
    0.315163261    9.410872694  187.955476537
    0.318679299    9.994642312  149.365527061
    0.322195338   10.492779310  138.135304755
    0.325711376   10.978915937  138.267731234
    0.329227414   11.446927984  127.180556929
    0.332743452   11.851517492   99.659376751
    0.336259490   12.156051697   76.631439090
    0.339775529   12.432594788   87.224111601
    0.343291567   12.812715870  134.567833557
    0.346807605   13.389832209  193.443856924
    0.350323643   14.148648863  231.727040562
    0.353839682   14.968752242  226.897276199
    0.357355720   15.699022589  181.548877329
    0.360871758   16.223910290  113.860660640
    0.364387796   16.500176675   43.325856032
    0.367903834   16.546191561  -13.937145211
    0.371419873   16.423226892  -52.798417092
    0.374935911   16.191029759  -77.985236757
    0.378451949   15.869153253 -107.110400018
    0.381967987   15.428257440 -146.139686617
    0.385484025   14.831266268 -191.735124589
    0.389000064   14.108744896 -213.650413312
    0.392516102   13.377210560 -193.097771744
    0.396032140   12.796420690 -131.605662428
    0.399548178   12.468318089  -56.423135780
    0.403064217   12.372430338   -5.562538418
    0.406580255   12.379769371    1.796863491
    0.410096293   12.336155071  -31.133362912
    0.413612331   12.137551571  -82.485115763
    0.417128369   11.760171825 -129.565636234
    0.420644408   11.254528168 -153.738467617
    0.424160446   10.715509781 -149.961148311
    0.427676484   10.226546023 -126.195769591
    0.431192522    9.826643335 -103.488213235
    0.434708561    9.481923347  -96.348943903
    0.438224599    9.128988559 -107.297498908
    0.441740637    8.723862640 -120.561563477
    0.445256675    8.302032875 -114.270938118
    0.448772713    7.956595543  -78.143573407
    0.452288752    7.774358095  -25.799024768
    0.455804790    7.762142015   16.532663391
    0.459320828    7.851252718   26.942470431
    0.462836866    7.914652657    4.705866193
    0.466352904    7.853537506  -41.054272227
    0.469868943    7.627489959  -87.750417550
    0.473384981    7.251399513 -124.110958574
    0.476901019    6.773037244 -143.542202329
    0.480417057    6.261988854 -139.770815564
    0.483933096    5.827472040 -101.638434097
    0.487449134    5.572778850  -40.417497531
    0.490965172    5.537466477   17.915968082
    0.494481210    5.658673734   42.505946438
    0.497997248    5.780086264   21.041553799
    0.501513287    5.778294271  -22.878500780
    0.505029325    5.635449329  -52.701373299
    0.508545363    5.461146664  -38.308724323
    0.512061401    5.407746303   11.001348783
    0.515577439    5.531551148   54.356630108
    0.519093478    5.740167141   55.162781643
    0.522609516    5.861193084    7.021237637
    0.526125554    5.763326659  -60.447309312
    0.529641592    5.464784124 -101.547444336
    0.533157631    5.105887258  -95.329499110
    0.536673669    4.837311335  -54.317652709
    0.540189707    4.735694553   -6.715337825
    0.543705745    4.783850019   29.905516150
    0.547221783    4.922654580   46.088348324
    0.550737822    5.085735040   44.081866135
    0.554253860    5.213181214   26.007658848
    0.557769898    5.254763622   -2.693907579
    0.561285936    5.203756883  -24.188028544
    0.564801975    5.115719885  -21.675848585
    0.568318013    5.094428789   15.229117802
    0.571834051    5.243573803   69.204183482
    0.575350089    5.560652081  105.823994514
    0.578866127    5.939156817  101.932068753
    0.582382166    6.232406928   58.930762805
    0.585898204    6.334817160    0.042126191
    0.589414242    6.247449508  -46.575020307
    0.592930280    6.045835310  -62.527683770
    0.596446318    5.849957686  -43.154789512
    0.599962357    5.775857625    5.336232269
    0.603478395    5.900542290   65.051983917
    0.606994433    6.224006027  116.224867563
    0.610510471    6.685151330  140.153398999
    0.614026510    7.171604541  134.670470326
    0.617542548    7.608526450  115.194242976
    0.621058586    7.997158966  107.177613878
    0.624574624    8.388749395  116.489361553
    0.628090662    8.822570146  129.795992597
    0.631606701    9.294278415  136.684363246
    0.635122739    9.772387077  137.152474982
    0.638638777   10.294967773  166.486807604
    0.642154815   10.996880960  239.625828872
    0.645670854   12.026155460  351.067267235
    0.649186892   13.465686640  465.175524918
    0.652702930   15.260332958  546.888618758
    0.656218968   17.249271976  576.142921721
    0.659735006   19.261717490  563.935273497
    0.663251045   21.203568617  540.822847345
    0.666767083   23.077692042  526.707663265
    0.670283121   24.911579667  516.703813852
    0.673799159   26.698849293  496.047831501
    0.677315197   28.370109591  449.758060130
    0.680831236   29.829972967  375.582053605
    0.684347274   30.987706275  283.191843938
    0.687863312   31.817370033  191.245864792
    0.691379350   32.351466057  116.071814384
    0.694895389   32.659695139   62.529626100
    0.698411427   32.815450259   29.486805038
    0.701927465   32.886624569   12.861046675
    0.705443503   32.912920256    3.641758155
    0.708959541   32.921064448    1.323892610
    0.712475580   32.922795607   -0.000000000
    0.715991618   32.922795607   -0.000000000
    0.719507656   32.922795607   -0.000000000
    0.723023694   32.922795607   -0.000000000
    0.726539732   32.922795607   -0.000000000
    0.730055771   32.922795607   -0.000000000
    0.733571809   32.922795607   -0.000000000
    0.737087847   32.922795607   -0.000000000
    0.740603885   32.922795607   -0.000000000
    0.744119924   32.922795607   -0.000000000
    0.747635962   32.922795607   -0.000000000
    0.751152000   32.922795607   -0.000000000
