#! FIELDS dist file.free der_dist
#! SET min_dist 0.199134
#! SET max_dist 0.751152
#! SET nbins_dist  158
#! SET periodic_dist false
    0.199134000   46.712876250   -0.000000000
    0.202650038   46.712876250   -0.000000000
    0.206166076   46.710878777   -1.654442761
    0.209682115   46.697210801   -7.611161748
    0.213198153   46.645546534  -24.023959528
    0.216714191   46.499609590  -63.864821264
    0.220230229   46.146569982 -146.658116706
    0.223746268   45.398036534 -291.146474443
    0.227262306   44.003572622 -516.675270935
    0.230778344   41.671624333 -822.019697957
    0.234294382   38.167460327 -1174.589013372
    0.237810420   33.429087443 -1511.947154922
    0.241326459   27.658640942 -1746.355571939
    0.244842497   21.347717149 -1810.281467522
    0.248358535   15.166562132 -1672.948134554
    0.251874573    9.782223074 -1368.336040427
    0.255390611    5.640822354 -985.205852502
    0.258906650    2.840264008 -617.240643903
    0.262422688    1.202218253 -332.218906686
    0.265938726    0.384422027 -149.340716892
    0.269454764    0.056631200  -47.649105905
    0.272970803    0.000000000    9.359248590
    0.276486841    0.096556939   42.947244218
    0.280002879    0.288385746   64.841594013
    0.283518917    0.552497496   86.209122750
    0.287034955    0.897015143  110.372045312
    0.290550994    1.341691319  145.098017275
    0.294067032    1.933835408  192.319992739
    0.297583070    2.690632361  236.709782018
    0.301099108    3.592150981  273.109770696
    0.304615146    4.584283596  287.665130069
    0.308131185    5.582881100  276.048883162
    0.311647223    6.506366776  248.836280461
    0.315163261    7.323157549  217.491532024
    0.318679299    8.052141418  200.288588388
    0.322195338    8.743428475  193.521993706
    0.325711376    9.405434219  181.372144674
    0.329227414    9.995683196  153.981385240
    0.332743452   10.471743907  114.494073874
    0.336259490   10.814458494   84.142185718
    0.339775529   11.103775587   86.695742846
    0.343291567   11.457214694  118.378621247
    0.346807605   11.934917766  150.839426412
    0.350323643   12.482815203  153.177097387
    0.353839682   12.960745955  111.439881837
    0.357355720   13.223819624   33.522754816
    0.360871758   13.196187354  -48.285210377
    0.364387796   12.916781614 -105.327693759
    0.367903834   12.509256914 -118.418358539
    0.371419873   12.131078689  -91.282587445
    0.374935911   11.888362823  -46.446050159
    0.378451949   11.783202194  -17.597022761
    0.381967987   11.729665914  -19.789022844
    0.385484025   11.605616252  -53.636133824
    0.389000064   11.351152975  -90.093718564
    0.392516102   10.989856787 -110.181357755
    0.396032140   10.601362669 -106.535985551
    0.399548178   10.257619360  -89.221266066
    0.403064217    9.971237949  -76.592919821
    0.406580255    9.702412618  -79.312053644
    0.410096293    9.391063652  -99.544855223
    0.413612331    8.987814935 -130.006164926
    0.417128369    8.479776104 -157.617357118
    0.420644408    7.899712020 -168.606204687
    0.424160446    7.332201317 -150.566970124
    0.427676484    6.870380326 -109.090556063
    0.431192522    6.568229775  -64.689661747
    0.434708561    6.394370940  -39.110038292
    0.438224599    6.256645005  -45.967159458
    0.441740637    6.043196449  -77.329857885
    0.445256675    5.710657418 -109.494590579
    0.448772713    5.302405507 -117.842400779
    0.452288752    4.920183353  -96.529915557
    0.455804790    4.644279814  -57.047334857
    0.459320828    4.519454468  -16.244355346
    0.462836866    4.516881033   12.757107794
    0.466352904    4.578893383   19.519715939
    0.469868943    4.633457613    6.891263546
    0.473384981    4.607792086  -24.387016457
    0.476901019    4.441716878  -70.229770819
    0.480417057    4.111705117 -111.737209329
    0.483933096    3.689442122 -120.957431526
    0.487449134    3.306427999  -90.643186774
    0.490965172    3.074722027  -39.622500524
    0.494481210    3.014121456   -0.697240924
    0.497997248    3.020847371   -0.851755836
    0.501513287    2.969150061  -32.017238931
    0.505029325    2.791679106  -66.140123390
    0.508545363    2.539878411  -70.136544793
    0.512061401    2.343792271  -36.749216464
    0.515577439    2.300788632   11.737740278
    0.519093478    2.409039194   45.382005579
    0.522609516    2.584526903   49.221834752
    0.526125554    2.722778633   28.997172777
    0.529641592    2.788391930   10.748625245
    0.533157631    2.812782861    5.233461173
    0.536673669    2.834994786    7.781569860
    0.540189707    2.873827732   12.247506616
    0.543705745    2.932362925   20.892420626
    0.547221783    3.029079983   36.052387267
    0.550737822    3.190882675   56.510501815
    0.554253860    3.414940054   68.411293648
    0.557769898    3.646144230   59.532553100
    0.561285936    3.818693892   36.326226642
    0.564801975    3.905864082   14.370419130
    0.568318013    3.947861233   14.617986927
    0.571834051    4.031526511   34.293659857
    0.575350089    4.190476211   54.060986146
    0.578866127    4.386820551   53.518488565
    0.582382166    4.540096529   28.592872711
    0.585898204    4.570239504  -12.135810911
    0.589414242    4.453307151  -54.243706524
    0.592930280    4.203888066  -85.144320480
    0.596446318    3.886097943  -90.110503968
    0.599962357    3.615253857  -56.532123564
    0.603478395    3.531870780   13.222941648
    0.606994433    3.725769764   97.957760958
    0.610510471    4.197159939  164.057438994
    0.614026510    4.824435024  187.233190192
    0.617542548    5.463008375  173.240481100
    0.621058586    6.036821928  153.235034975
    0.624574624    6.568986378  152.612706635
    0.628090662    7.137073391  174.449617996
    0.631606701    7.807876658  207.619684588
    0.635122739    8.586704851  235.995526898
    0.638638777    9.479723215  273.499241374
    0.642154815   10.517066719  318.163721619
    0.645670854   11.729980013  372.385205919
    0.649186892   13.126382213  419.867669296
    0.652702930   14.662842149  448.259404571
    0.656218968   16.250658437  453.604084392
    0.659735006   17.845550917  455.286452350
    0.663251045   19.477687122  477.362456714
    0.666767083   21.237946102  527.062047432
    0.670283121   23.189694675  582.593336930
    0.673799159   25.314548516  620.390319285
    0.677315197   27.515768017  627.097514145
    0.680831236   29.703942171  615.990662661
    0.684347274   31.856317087  613.533266399
    0.687863312   34.045352048  636.187092888
    0.691379350   36.342512257  669.245659767
    0.694895389   38.718255571  673.442136573
    0.698411427   41.008110372  618.867642878
    0.701927465   43.000697836  506.388891903
    0.705443503   44.531500067  363.197960446
    0.708959541   45.566406798  229.194454152
    0.712475580   46.177811765  125.647134799
    0.715991618   46.494896288   60.078896304
    0.719507656   46.639107195   25.815672404
    0.723023694   46.697245484    9.429647196
    0.726539732   46.711512263    1.460374057
    0.730055771   46.712876250   -0.000000000
    0.733571809   46.712876250   -0.000000000
    0.737087847   46.712876250   -0.000000000
    0.740603885   46.712876250   -0.000000000
    0.744119924   46.712876250   -0.000000000
    0.747635962   46.712876250   -0.000000000
    0.751152000   46.712876250   -0.000000000
