#! FIELDS dist file.free der_dist
#! SET min_dist 0.199134
#! SET max_dist 0.751152
#! SET nbins_dist  158
#! SET periodic_dist false
    0.199134000    7.826059251   -0.000000000
    0.202650038    7.826059251   -0.000000000
    0.206166076    7.826059251   -0.000000000
    0.209682115    7.826059251   -0.000000000
    0.213198153    7.826059251   -0.000000000
    0.216714191    7.826059251   -0.000000000
    0.220230229    7.826059251   -0.000000000
    0.223746268    7.826059251   -0.000000000
    0.227262306    7.826059251   -0.000000000
    0.230778344    7.825679474   -1.092529093
    0.234294382    7.818357250   -4.002716896
    0.237810420    7.791639925  -13.153358495
    0.241326459    7.717320609  -31.250412272
    0.244842497    7.550362612  -66.908325911
    0.248358535    7.219085213 -125.019202175
    0.251874573    6.647228028 -202.889380904
    0.255390611    5.783675079 -289.539969267
    0.258906650    4.637705099 -356.690735239
    0.262422688    3.331265764 -376.620818737
    0.265938726    2.059716603 -336.648005166
    0.269454764    1.026540277 -244.866493864
    0.272970803    0.358634924 -135.431286842
    0.276486841    0.051293628  -44.818029753
    0.280002879    0.000000000    9.731516415
    0.283518917    0.089405338   39.004566608
    0.287034955    0.275951191   68.839571999
    0.290550994    0.601576735  120.548040803
    0.294067032    1.146844178  191.267547053
    0.297583070    1.941187931  257.187824626
    0.301099108    2.914856802  288.986548574
    0.304615146    3.911434304  269.587374014
    0.308131185    4.761241077  208.580387303
    0.311647223    5.357902016  131.808810312
    0.315163261    5.705828028   71.235419200
    0.318679299    5.901396414   46.776475773
    0.322195338    6.074976098   56.275390866
    0.325711376    6.313933977   79.924259668
    0.329227414    6.627032976   97.150636786
    0.332743452    6.974264302   97.000440548
    0.336259490    7.287060596   78.918197475
    0.339775529    7.523701121   55.200431654
    0.343291567    7.677034365   32.829737103
    0.346807605    7.762180838   16.796978434
    0.350323643    7.803067495    7.445674419
    0.353839682    7.820141412    2.872661485
    0.357355720    7.826059251   -0.000000000
    0.360871758    7.826059251   -0.000000000
    0.364387796    7.826059251   -0.000000000
    0.367903834    7.826059251   -0.000000000
    0.371419873    7.826059251   -0.000000000
    0.374935911    7.826059251   -0.000000000
    0.378451949    7.826059251   -0.000000000
    0.381967987    7.826059251   -0.000000000
    0.385484025    7.826059251   -0.000000000
    0.389000064    7.826059251   -0.000000000
    0.392516102    7.826059251   -0.000000000
    0.396032140    7.822882677   -2.061793345
    0.399548178    7.810315920   -5.581879622
    0.403064217    7.778878745  -13.167859121
    0.406580255    7.710394236  -26.957846110
    0.410096293    7.581116054  -47.602706617
    0.413612331    7.371268059  -71.791006625
    0.417128369    7.077358574  -93.378280962
    0.420644408    6.732279423  -99.752297668
    0.424160446    6.400436043  -85.561535686
    0.427676484    6.150207447  -55.013259359
    0.431192522    6.016332242  -22.145388781
    0.434708561    5.979624009   -1.555688916
    0.438224599    5.984761113    1.500394727
    0.441740637    5.982840664   -2.672641520
    0.445256675    5.973034608   -1.144712648
    0.448772713    5.987530962   10.749839207
    0.452288752    6.050895415   24.393202020
    0.455804790    6.138808683   23.437196825
    0.459320828    6.192948322    4.466861192
    0.462836866    6.157301014  -25.229932661
    0.466352904    6.020447318  -50.897628565
    0.469868943    5.822565911  -58.635112544
    0.473384981    5.624649540  -52.066639865
    0.476901019    5.464238570  -39.122311059
    0.480417057    5.336864808  -34.277895967
    0.483933096    5.210985988  -39.479798108
    0.487449134    5.042027162  -58.247374394
    0.490965172    4.788356155  -87.644452159
    0.494481210    4.420057772 -121.573813588
    0.497997248    3.940125283 -149.025293785
    0.501513287    3.405035996 -150.228986544
    0.505029325    2.926219404 -116.535857615
    0.508545363    2.614830407  -58.966798844
    0.512061401    2.511805908   -3.763014217
    0.515577439    2.546203374   15.812108442
    0.519093478    2.569512225   -9.310747133
    0.522609516    2.451035804  -59.049347656
    0.526125554    2.168660803  -95.314105856
    0.529641592    1.835785817  -85.587712280
    0.533157631    1.618127249  -33.648577495
    0.536673669    1.616350855   31.427407710
    0.540189707    1.817685209   77.260343057
    0.543705745    2.113967743   84.400276339
    0.547221783    2.365577282   52.654389712
    0.550737822    2.445532770  -10.904944276
    0.554253860    2.276329240  -85.832617160
    0.557769898    1.851490331 -151.760458962
    0.561285936    1.258893041 -176.386649668
    0.564801975    0.681514849 -142.568388991
    0.568318013    0.316126245  -58.801516465
    0.571834051    0.285229095   39.261120296
    0.575350089    0.561285864  109.995774890
    0.578866127    0.995447277  128.015913431
    0.582382166    1.413144247  104.080547473
    0.585898204    1.716867710   69.489631476
    0.589414242    1.916138113   47.407459176
    0.592930280    2.073351696   44.045780424
    0.596446318    2.238884596   50.814999805
    0.599962357    2.431804435   58.187056273
    0.603478395    2.640868699   59.026170699
    0.606994433    2.845940028   57.274678961
    0.610510471    3.041015798   53.569882708
    0.614026510    3.229563366   54.613414891
    0.617542548    3.436552687   65.409039887
    0.621058586    3.708334032   91.038135076
    0.624574624    4.097702751  131.793191919
    0.628090662    4.633640562  171.749263302
    0.631606701    5.288440440  196.505921675
    0.635122739    5.981658204  192.027125285
    0.638638777    6.611804455  162.757084118
    0.642154815    7.109095581  118.111183573
    0.645670854    7.447684893   75.400395070
    0.649186892    7.649565306   41.310771390
    0.652702930    7.754352514   20.137537895
    0.656218968    7.802502957    8.576906842
    0.659735006    7.820431499    2.773226173
    0.663251045    7.826059251   -0.000000000
    0.666767083    7.826059251   -0.000000000
    0.670283121    7.826059251   -0.000000000
    0.673799159    7.826059251   -0.000000000
    0.677315197    7.826059251   -0.000000000
    0.680831236    7.826059251   -0.000000000
    0.684347274    7.826059251   -0.000000000
    0.687863312    7.826059251   -0.000000000
    0.691379350    7.826059251   -0.000000000
    0.694895389    7.826059251   -0.000000000
    0.698411427    7.826059251   -0.000000000
    0.701927465    7.826059251   -0.000000000
    0.705443503    7.826059251   -0.000000000
    0.708959541    7.826059251   -0.000000000
    0.712475580    7.826059251   -0.000000000
    0.715991618    7.826059251   -0.000000000
    0.719507656    7.826059251   -0.000000000
    0.723023694    7.826059251   -0.000000000
    0.726539732    7.826059251   -0.000000000
    0.730055771    7.826059251   -0.000000000
    0.733571809    7.826059251   -0.000000000
    0.737087847    7.826059251   -0.000000000
    0.740603885    7.826059251   -0.000000000
    0.744119924    7.826059251   -0.000000000
    0.747635962    7.826059251   -0.000000000
    0.751152000    7.826059251   -0.000000000
