#! FIELDS dist file.free der_dist
#! SET min_dist 0.199134
#! SET max_dist 0.751152
#! SET nbins_dist  158
#! SET periodic_dist false
    0.199134000   54.233115164   -0.417620903
    0.202650038   54.230447309   -1.225508894
    0.206166076   54.219829269   -5.695149968
    0.209682115   54.180348039  -19.129845780
    0.213198153   54.062789706  -51.692941542
    0.216714191   53.772925973 -120.529880475
    0.220230229   53.144256821 -249.778029552
    0.223746268   51.924567372 -458.859025204
    0.227262306   49.807769807 -760.748473750
    0.230778344   46.486272384 -1138.351472996
    0.234294382   41.779923070 -1535.489833326
    0.237810420   35.763967771 -1868.213909178
    0.241326459   28.833405730 -2040.867867266
    0.244842497   21.662695134 -1999.948127569
    0.248358535   15.020109611 -1747.340708239
    0.251874573    9.542722312 -1353.931639630
    0.255390611    5.537947170 -930.696658042
    0.258906650    2.928254358 -569.591546564
    0.262422688    1.403631054 -317.302537303
    0.265938726    0.576726095 -167.370502855
    0.269454764    0.154735054  -79.104864929
    0.272970803    0.000000000  -10.915347994
    0.276486841    0.072660497   51.681135822
    0.280002879    0.352846280  106.018262833
    0.283518917    0.806491973  150.183515569
    0.287034955    1.390846183  179.514949265
    0.290550994    2.058332820  199.896395702
    0.294067032    2.797517052  219.713765129
    0.297583070    3.594535310  232.530983750
    0.301099108    4.431988925  242.284682329
    0.304615146    5.285142963  241.701750342
    0.308131185    6.115379029  228.600721390
    0.311647223    6.887785733  212.263866173
    0.315163261    7.607396841  199.536514728
    0.318679299    8.307876958  201.882503105
    0.322195338    9.030920268  209.098097186
    0.325711376    9.762521660  204.007573415
    0.329227414   10.432290642  175.533525181
    0.332743452   10.972594476  128.288672056
    0.336259490   11.338967716   82.874470375
    0.339775529   11.590850207   66.217503393
    0.343291567   11.839319417   80.127619195
    0.346807605   12.166343750  106.164835667
    0.350323643   12.573542491  121.258905860
    0.353839682   12.988884660  109.710686927
    0.357355720   13.310721861   68.241091463
    0.360871758   13.455474958   12.098510660
    0.364387796   13.402347455  -41.017183062
    0.367903834   13.194349945  -72.418706511
    0.371419873   12.925359944  -76.173395190
    0.374935911   12.682351758  -60.256876150
    0.378451949   12.494866886  -48.090641476
    0.381967987   12.327835292  -51.691995482
    0.385484025   12.103579092  -78.027758545
    0.389000064   11.778930099 -106.149262487
    0.392516102   11.368378727 -122.791640856
    0.396032140   10.935519897 -119.641590927
    0.399548178   10.545412664 -101.776873367
    0.403064217   10.224369548  -82.501314200
    0.406580255    9.958231643  -71.111923278
    0.410096293    9.705868653  -74.471337221
    0.413612331    9.413502736  -93.397421992
    0.417128369    9.037424941 -121.353498647
    0.420644408    8.565863552 -145.113612597
    0.424160446    8.044647224 -148.202188778
    0.427676484    7.555197666 -126.294213090
    0.431192522    7.170971167  -92.381658575
    0.434708561    6.896999264  -66.686709473
    0.438224599    6.672031577  -67.661724976
    0.441740637    6.391836090  -94.569878384
    0.445256675    5.998329297 -128.097867852
    0.448772713    5.514577804 -142.634636155
    0.452288752    5.033909111 -127.538016915
    0.455804790    4.643630003  -90.361092894
    0.459320828    4.403408961  -48.008463430
    0.462836866    4.295491593  -15.141023730
    0.466352904    4.268669181   -2.902890048
    0.469868943    4.257499223   -7.293429346
    0.473384981    4.202684469  -25.715828433
    0.476901019    4.062056249  -54.210729019
    0.480417057    3.818667428  -79.148893675
    0.483933096    3.530059523  -79.147126711
    0.487449134    3.294510548  -50.558715192
    0.490965172    3.187419978   -9.645695093
    0.494481210    3.211584635   18.156483693
    0.497997248    3.272813014   12.415723286
    0.501513287    3.268923771  -17.471830764
    0.505029325    3.147026361  -49.620959149
    0.508545363    2.948710251  -57.652376557
    0.512061401    2.776235586  -37.070411790
    0.515577439    2.701393427   -6.291433765
    0.519093478    2.719559312   13.394766560
    0.522609516    2.770281378   11.871885783
    0.526125554    2.782679187   -3.955685534
    0.529641592    2.748481609  -12.490093787
    0.533157631    2.710547972   -7.012278673
    0.536673669    2.706173048    4.329878864
    0.540189707    2.743065443   13.935561567
    0.543705745    2.811167403   23.964688707
    0.547221783    2.916280354   37.411080353
    0.550737822    3.077366275   54.786239662
    0.554253860    3.291730488   65.138969871
    0.557769898    3.512808774   57.480642213
    0.561285936    3.683082303   37.149829730
    0.564801975    3.776967810   16.876397948
    0.568318013    3.825978752   15.369220113
    0.571834051    3.905576189   31.189762578
    0.575350089    4.049895843   49.808806143
    0.578866127    4.241828332   57.163629866
    0.582382166    4.438685892   51.514292071
    0.585898204    4.593993310   36.730733284
    0.589414242    4.692188489   17.886284454
    0.592930280    4.718844016   -3.279416074
    0.596446318    4.677229641  -18.069310884
    0.599962357    4.616772502  -11.437189352
    0.603478395    4.630146888   22.542833791
    0.606994433    4.794680238   73.221559639
    0.610510471    5.134593761  116.123834994
    0.614026510    5.575859225  131.672395925
    0.617542548    6.026206837  123.885909535
    0.621058586    6.450604947  118.514969229
    0.624574624    6.890192340  134.764498712
    0.628090662    7.420111057  169.866552899
    0.631606701    8.088451513  209.907408071
    0.635122739    8.878048696  239.662080129
    0.638638777    9.782289755  275.892733169
    0.642154815   10.825023317  318.330463463
    0.645670854   12.035162713  370.189430324
    0.649186892   13.419796039  415.351160027
    0.652702930   14.935337227  441.004010901
    0.656218968   16.488451583  441.145530469
    0.659735006   18.030705962  438.160872280
    0.663251045   19.596373874  456.363664402
    0.666767083   21.276763763  503.559213563
    0.670283121   23.147623891  560.754630466
    0.673799159   25.205739419  605.321971886
    0.677315197   27.372045672  624.643067567
    0.680831236   29.589326917  636.980094937
    0.684347274   31.876818345  671.502372936
    0.687863312   34.352641198  743.007269105
    0.691379350   37.119337610  829.209064725
    0.694895389   40.141413204  879.001616837
    0.698411427   43.208770816  852.219046890
    0.701927465   46.040370192  747.227790831
    0.705443503   48.407096538  596.204727820
    0.708959541   50.233602295  445.286445086
    0.712475580   51.566399756  318.674639816
    0.715991618   52.513855820  224.315321144
    0.719507656   53.177845883  156.421923806
    0.723023694   53.630959842  103.616960255
    0.726539732   53.914214468   61.381979173
    0.730055771   54.079061951   34.556158375
    0.733571809   54.168179090   17.035040338
    0.737087847   54.208880207    7.439126406
    0.740603885   54.226163000    2.959489078
    0.744119924   54.232655275    1.027368817
    0.747635962   54.233115265   -0.000000000
    0.751152000   54.233115265   -0.000000000
