#! FIELDS dist file.free der_dist
#! SET min_dist 0.199134
#! SET max_dist 0.751152
#! SET nbins_dist  158
#! SET periodic_dist false
    0.199134000   54.524918470   -0.417620903
    0.202650038   54.522250614   -1.225508894
    0.206166076   54.511632574   -5.695149968
    0.209682115   54.472151344  -19.129845780
    0.213198153   54.354593012  -51.692941542
    0.216714191   54.064429549 -120.696282639
    0.220230229   53.434476582 -250.381768032
    0.223746268   52.211262265 -460.356301150
    0.227262306   50.086393777 -764.024007442
    0.230778344   46.748640536 -1144.531528977
    0.234294382   42.013823884 -1545.654611412
    0.237810420   35.954351167 -1882.796812810
    0.241326459   28.965920103 -2058.910252683
    0.244842497   21.729104489 -2019.006059472
    0.248358535   15.022694528 -1764.009622623
    0.251874573    9.495472769 -1365.200071514
    0.255390611    5.463018599 -935.104930847
    0.258906650    2.849270098 -567.776865674
    0.262422688    1.338918286 -311.468038467
    0.265938726    0.535466319 -160.278249846
    0.269454764    0.137203655  -73.010391918
    0.272970803    0.000000000   -7.196696519
    0.276486841    0.080858872   52.608702642
    0.280002879    0.359861884  104.516629327
    0.283518917    0.805208343  147.171530852
    0.287034955    1.378275122  176.363335342
    0.290550994    2.036536002  198.028621367
    0.294067032    2.772911666  220.039818099
    0.297583070    3.574544048  234.627629767
    0.301099108    4.420565523  244.764133411
    0.304615146    5.280548451  242.884305572
    0.308131185    6.111496344  227.821258950
    0.311647223    6.879011968  210.545724821
    0.315163261    7.593958653  198.990057458
    0.318679299    8.297850584  204.666156811
    0.322195338    9.038239293  216.194326922
    0.325711376    9.801842023  214.903534824
    0.329227414   10.514174516  188.487598012
    0.332743452   11.100458783  141.128872326
    0.336259490   11.508845182   93.693286900
    0.339775529   11.793306860   73.760383969
    0.343291567   12.061882668   84.020202777
    0.346807605   12.396916507  106.980462676
    0.350323643   12.803113807  120.097643670
    0.353839682   13.212736541  107.818552732
    0.357355720   13.528048315   66.491084609
    0.360871758   13.667146189   10.602087107
    0.364387796   13.608851482  -42.528228370
    0.367903834   13.395089780  -74.223355382
    0.371419873   13.119658860  -77.942403912
    0.374935911   12.871539488  -61.248644708
    0.378451949   12.683173298  -47.485317162
    0.381967987   12.521765455  -49.083744613
    0.385484025   12.309924505  -73.670472798
    0.389000064   12.002543523 -100.846987904
    0.392516102   11.610827550 -117.579568279
    0.396032140   11.195041282 -115.248264244
    0.399548178   10.818295195  -98.596460315
    0.403064217   10.506299476  -80.503059340
    0.406580255   10.245501260  -70.016693125
    0.410096293    9.995895212  -73.946264390
    0.413612331    9.704698752  -93.188383751
    0.417128369    9.329094182 -121.275265014
    0.420644408    8.857666858 -145.113612597
    0.424160446    8.336450529 -148.202188778
    0.427676484    7.847000971 -126.294213090
    0.431192522    7.462774473  -92.381658575
    0.434708561    7.188802570  -66.686709473
    0.438224599    6.963834883  -67.661724976
    0.441740637    6.683639396  -94.569878384
    0.445256675    6.290132602 -128.097867852
    0.448772713    5.806264160 -142.688805549
    0.452288752    5.325275333 -127.677038421
    0.455804790    4.934237170  -90.671547564
    0.459320828    4.692433225  -48.632579848
    0.462836866    4.581579956  -16.206548722
    0.466352904    4.550116134   -4.478981390
    0.469868943    4.532591972   -9.304222874
    0.473384981    4.470226281  -27.948406473
    0.476901019    4.321852469  -56.329369470
    0.480417057    4.071643703  -80.873343619
    0.483933096    3.777884871  -80.344608663
    0.487449134    3.539042978  -51.245699469
    0.490965172    3.430316188   -9.902486393
    0.494481210    3.454253651   18.282190695
    0.497997248    3.516626865   12.951605643
    0.501513287    3.515451521  -16.451558957
    0.505029325    3.397964180  -48.124409249
    0.508545363    3.205620701  -55.787800389
    0.512061401    3.039923539  -35.144025690
    0.515577439    2.971353764   -4.721254262
    0.519093478    2.993795854   14.209628782
    0.522609516    3.045770489   11.750096653
    0.526125554    3.056184290   -4.944795349
    0.529641592    3.017367653  -14.086315554
    0.533157631    2.973235530   -8.906644891
    0.536673669    2.961864057    2.243603607
    0.540189707    2.990973246   11.571465258
    0.543705745    3.050097723   21.229651957
    0.547221783    3.145178278   34.502042352
    0.550737822    3.296550691   52.286016808
    0.554253860    3.503979398   63.808367475
    0.557769898    3.723160118   57.752985195
    0.561285936    3.896847658   38.722928161
    0.564801975    3.997289224   18.845587757
    0.568318013    4.052288084   16.644328346
    0.571834051    4.134085397   31.099959474
    0.575350089    4.275718993   48.466083082
    0.578866127    4.461804953   55.338201002
    0.582382166    4.652648363   50.054263982
    0.585898204    4.804390917   36.203925680
    0.589414242    4.902347511   18.203298996
    0.592930280    4.930770086   -2.731729525
    0.596446318    4.890311204  -18.106181850
    0.599962357    4.827747900  -12.652050774
    0.603478395    4.834484895   19.995060798
    0.606994433    4.988082585   69.626773427
    0.610510471    5.314322174  112.045653983
    0.614026510    5.741338050  127.752539027
    0.617542548    6.179114025  120.766136792
    0.621058586    6.595007904  116.913988169
    0.624574624    7.032753758  135.426024185
    0.628090662    7.569710836  173.241143851
    0.631606701    8.254501865  215.805806424
    0.635122739    9.068012568  247.154299849
    0.638638777    9.999362735  283.580588500
    0.642154815   11.067545469  324.947374502
    0.645670854   12.297920534  375.043484091
    0.649186892   13.696424211  418.426536820
    0.652702930   15.220151766  442.663173580
    0.656218968   16.777336002  441.639451086
    0.659735006   18.319558165  437.615044427
    0.663251045   19.880796211  454.251462112
    0.666767083   21.549370334  498.691362882
    0.670283121   23.395954807  551.519172728
    0.673799159   25.411659607  590.276740861
    0.677315197   27.514623145  603.871447942
    0.680831236   29.652443573  613.270841037
    0.684347274   31.859193102  650.355893514
    0.687863312   34.274625128  730.773258545
    0.691379350   37.020656885  830.048968850
    0.694895389   40.068949429  892.619570454
    0.698411427   43.200370867  874.028783935
    0.701927465   46.113646240  770.828732695
    0.705443503   48.558462640  616.365386775
    0.708959541   50.445821378  459.582783472
    0.712475580   51.818560659  327.283787280
    0.715991618   52.788463239  228.772088044
    0.719507656   53.463355344  158.419902512
    0.723023694   53.921072323  104.396317582
    0.726539732   54.206017773   61.381979173
    0.730055771   54.370865256   34.556158375
    0.733571809   54.459982395   17.035040338
    0.737087847   54.500683512    7.439126406
    0.740603885   54.517966306    2.959489078
    0.744119924   54.524458581    1.027368817
    0.747635962   54.524918570   -0.000000000
    0.751152000   54.524918570   -0.000000000
