#! FIELDS dist file.free der_dist
#! SET min_dist 0.199134
#! SET max_dist 0.751152
#! SET nbins_dist  158
#! SET periodic_dist false
    0.199134000   51.749036015   -0.000000000
    0.202650038   51.749036015   -0.000000000
    0.206166076   51.745713652   -2.372341635
    0.209682115   51.724823681  -11.397469763
    0.213198153   51.647319951  -35.909823104
    0.216714191   51.433699145  -92.259049427
    0.220230229   50.932542014 -205.159177029
    0.223746268   49.900466372 -396.937440536
    0.227262306   48.028299787 -684.293937384
    0.230778344   44.992626545 -1053.441268956
    0.234294382   40.588782475 -1449.537346390
    0.237810420   34.866797303 -1787.942785221
    0.241326459   28.200687875 -1971.529734487
    0.244842497   21.248594463 -1945.538619463
    0.248358535   14.766943163 -1710.399886802
    0.251874573    9.388510797 -1334.185476275
    0.255390611    5.428388866 -923.975185081
    0.258906650    2.829692248 -568.816654742
    0.262422688    1.308076259 -315.414678349
    0.265938726    0.496760020 -160.136386006
    0.269454764    0.109269069  -67.177644957
    0.272970803    0.000000000    1.895458493
    0.276486841    0.111392614   60.158310028
    0.280002879    0.409009590  106.983247260
    0.283518917    0.851035963  142.789300182
    0.287034955    1.396849688  165.367322202
    0.290550994    2.007322704  182.101960320
    0.294067032    2.682746786  201.858272177
    0.297583070    3.422855370  218.721589848
    0.301099108    4.225024183  236.793596048
    0.304615146    5.077596345  247.016638316
    0.308131185    5.944963578  243.781951496
    0.311647223    6.780365676  231.535429212
    0.315163261    7.562282519  214.159622003
    0.318679299    8.294363612  204.130771236
    0.322195338    8.998234683  196.009762909
    0.325711376    9.661260684  179.344735111
    0.329227414   10.236626960  148.154420253
    0.332743452   10.691283339  108.512184134
    0.336259490   11.013124121   77.945917604
    0.339775529   11.275667876   76.703184874
    0.343291567   11.579926238   99.881290100
    0.346807605   11.976715644  124.099079363
    0.350323643   12.426945399  126.254260943
    0.353839682   12.827124027   95.897058523
    0.357355720   13.070432442   38.656021434
    0.360871758   13.098116393  -22.723111403
    0.364387796   12.933251851  -67.617382261
    0.367903834   12.661699488  -80.825200569
    0.371419873   12.399906822  -63.876270409
    0.374935911   12.228411167  -33.356349038
    0.378451949   12.146072094  -17.017511354
    0.381967987   12.081576048  -25.491862952
    0.385484025   11.934849067  -60.060379672
    0.389000064   11.662358132  -93.652610989
    0.392516102   11.293792172 -110.658945586
    0.396032140   10.908316171 -104.727010249
    0.399548178   10.572260860  -86.647008376
    0.403064217   10.296903612  -72.756409739
    0.406580255   10.046628045  -72.400894701
    0.410096293    9.768548652  -87.384334204
    0.413612331    9.417966806 -112.283365599
    0.417128369    8.978434866 -136.909844965
    0.420644408    8.470578189 -149.159370015
    0.424160446    7.961050045 -137.562375137
    0.427676484    7.530400994 -104.539457363
    0.431192522    7.230330308  -67.716930728
    0.434708561    7.035704215  -47.440821957
    0.438224599    6.861526842  -58.315155423
    0.441740637    6.596796854  -94.517426778
    0.445256675    6.192905094 -133.166239631
    0.448772713    5.688908337 -148.518724476
    0.452288752    5.189369814 -132.251646053
    0.455804790    4.783306015  -94.934326743
    0.459320828    4.524914868  -54.056506951
    0.462836866    4.391977812  -23.128525040
    0.466352904    4.336957417  -10.330294528
    0.469868943    4.306440260  -10.251438745
    0.473384981    4.253794360  -21.423121587
    0.476901019    4.140104020  -43.624584295
    0.480417057    3.939015255  -66.547207222
    0.483933096    3.690672542  -69.643475324
    0.487449134    3.477440234  -47.584189888
    0.490965172    3.368075314  -13.728407037
    0.494481210    3.367802243    8.709871709
    0.497997248    3.389926770    0.070236233
    0.501513287    3.341281119  -30.044301931
    0.505029325    3.179496225  -59.126156949
    0.508545363    2.959073677  -60.000994471
    0.512061401    2.795966483  -29.096901923
    0.515577439    2.767488501   11.651495736
    0.519093478    2.859270373   36.130127398
    0.522609516    2.986833382   31.470898102
    0.526125554    3.051076685    5.013619419
    0.529641592    3.024941489  -16.928439775
    0.533157631    2.950914522  -22.291811862
    0.536673669    2.882584106  -15.641762084
    0.540189707    2.850979571   -4.183929530
    0.543705745    2.864465212   11.404486657
    0.547221783    2.936369225   30.847705637
    0.550737822    3.082172677   52.274354624
    0.554253860    3.291488851   64.430206762
    0.557769898    3.511422307   57.583245759
    0.561285936    3.684263854   38.674570065
    0.564801975    3.788002518   21.186749897
    0.568318013    3.857422633   22.667274553
    0.571834051    3.967215513   40.780828314
    0.575350089    4.146313190   59.547102975
    0.578866127    4.368774169   64.212796230
    0.582382166    4.580643616   52.382234603
    0.585898204    4.723846980   28.502464132
    0.589414242    4.775836638   -0.015457073
    0.592930280    4.726910555  -27.504127257
    0.596446318    4.598295984  -42.042506060
    0.599962357    4.465383818  -27.464992913
    0.603478395    4.444817010   19.791344815
    0.606994433    4.624566885   84.211587194
    0.610510471    5.020683905  136.049650357
    0.614026510    5.535189190  151.972684950
    0.617542548    6.044324016  135.631332434
    0.621058586    6.485605577  115.793200360
    0.624574624    6.889376941  117.519127791
    0.628090662    7.341719615  144.536081443
    0.631606701    7.921292135  186.528732052
    0.635122739    8.647841184  228.430289322
    0.638638777    9.542989206  282.361899557
    0.642154815   10.639236161  341.475854419
    0.645670854   11.951595941  404.268000137
    0.649186892   13.463399076  452.311789331
    0.652702930   15.105769426  475.452689295
    0.656218968   16.774104903  472.560132060
    0.659735006   18.427734405  470.815481464
    0.663251045   20.118991591  496.238781565
    0.666767083   21.958609108  554.492488025
    0.670283121   24.025164009  619.988949760
    0.673799159   26.290413040  661.317803226
    0.677315197   28.626264536  661.053347806
    0.680831236   30.908523993  634.997857597
    0.684347274   33.104887039  621.145046750
    0.687863312   35.322795262  648.740507231
    0.691379350   37.707903444  710.615536766
    0.694895389   40.309052732  762.470289248
    0.698411427   43.002128808  758.081407787
    0.701927465   45.550417712  679.287400828
    0.705443503   47.708079741  542.124450019
    0.708959541   49.341859704  386.959480981
    0.712475580   50.444437836  245.233159200
    0.715991618   51.110066396  139.354986277
    0.719507656   51.471356527   71.665977063
    0.723023694   51.647646565   32.606824171
    0.726539732   51.716687423   11.059555486
    0.730055771   51.740305796    3.800423457
    0.733571809   51.748467117    0.773776116
    0.737087847   51.749036015   -0.000000000
    0.740603885   51.749036015   -0.000000000
    0.744119924   51.749036015   -0.000000000
    0.747635962   51.749036015   -0.000000000
    0.751152000   51.749036015   -0.000000000
