#! FIELDS dist file.free der_dist
#! SET min_dist 0.199134
#! SET max_dist 0.751152
#! SET nbins_dist  158
#! SET periodic_dist false
    0.199134000   54.787620238   -0.417620903
    0.202650038   54.784952383   -1.225508894
    0.206166076   54.774334343   -5.695149968
    0.209682115   54.734853113  -19.129845780
    0.213198153   54.617246915  -51.757597182
    0.216714191   54.326678169 -120.879967411
    0.220230229   53.695661192 -250.836991982
    0.223746268   52.470009567 -461.354321916
    0.227262306   50.340111448 -765.956768330
    0.230778344   46.993345955 -1147.767168722
    0.234294382   42.244516292 -1550.379340522
    0.237810420   36.165864529 -1888.925899110
    0.241326459   29.154089920 -2065.969853450
    0.244842497   21.891601153 -2026.461692548
    0.248358535   15.158845053 -1771.520426323
    0.251874573    9.605248710 -1372.704948383
    0.255390611    5.546336200 -942.620383949
    0.258906650    2.906527142 -575.014349920
    0.262422688    1.372291180 -317.665577942
    0.265938726    0.550023279 -164.643880020
    0.269454764    0.140498373  -75.030236953
    0.272970803    0.000000000   -7.169189868
    0.276486841    0.083153029   53.677041040
    0.280002879    0.366126785  105.563850213
    0.283518917    0.814347037  147.718288998
    0.287034955    1.389137277  176.970164876
    0.290550994    2.051238235  199.791466395
    0.294067032    2.797052270  223.685955030
    0.297583070    3.614580054  239.897119928
    0.301099108    4.480233691  250.365766657
    0.304615146    5.357827097  246.981703433
    0.308131185    6.198223475  228.939263304
    0.311647223    6.963589877  208.228944404
    0.315163261    7.665146941  193.880962494
    0.318679299    8.348160854  198.173408560
    0.322195338    9.065979919  210.166699217
    0.325711376    9.811753424  211.077459873
    0.329227414   10.516257065  187.984348611
    0.332743452   11.107113431  144.139793185
    0.336259490   11.530662398   99.045125148
    0.339775529   11.835316425   79.538312126
    0.343291567   12.122082043   88.340719809
    0.346807605   12.468224285  108.955493163
    0.350323643   12.878124401  120.451251084
    0.353839682   13.288570336  108.251321319
    0.357355720   13.607994781   68.617023011
    0.360871758   13.758671948   15.035075340
    0.364387796   13.718834685  -36.682749829
    0.367903834   13.525700575  -68.598427487
    0.371419873   13.267188166  -74.148746171
    0.374935911   13.027888424  -60.069322991
    0.378451949   12.838895482  -48.951683876
    0.381967987   12.668236072  -52.803533718
    0.385484025   12.440092460  -79.125694887
    0.389000064   12.111473416 -107.324823965
    0.392516102   11.696914642 -123.861007156
    0.396032140   11.261619338 -119.757380925
    0.399548178   10.874292637  -99.845915351
    0.403064217   10.565031402  -77.673757763
    0.406580255   10.320733746  -63.701978988
    0.410096293   10.096546240  -66.251062968
    0.413612331    9.830568676  -87.043647060
    0.417128369    9.469758275 -119.342286767
    0.420644408    8.995593975 -148.617688383
    0.424160446    8.453516775 -156.246604751
    0.427676484    7.931539630 -136.203741208
    0.431192522    7.514128136 -100.770684021
    0.434708561    7.217472166  -70.888752178
    0.438224599    6.986861472  -66.682314280
    0.441740637    6.718072437  -89.365764680
    0.445256675    6.347450190 -120.656761321
    0.448772713    5.890275104 -135.311284580
    0.452288752    5.432297068 -122.221789935
    0.455804790    5.055251451  -88.293772377
    0.459320828    4.815812240  -49.636116787
    0.462836866    4.696348491  -19.906862471
    0.466352904    4.649402274   -9.225629525
    0.469868943    4.616483590  -12.945970947
    0.473384981    4.546135063  -28.657738002
    0.476901019    4.401408548  -53.596878325
    0.480417057    4.165607579  -75.690224695
    0.483933096    3.891475936  -74.739228176
    0.487449134    3.669990378  -47.261585206
    0.490965172    3.570565152   -8.643647410
    0.494481210    3.594396965   17.113863217
    0.497997248    3.650291036   10.723666770
    0.501513287    3.642054609  -17.951713212
    0.505029325    3.522830809  -47.451298005
    0.508545363    3.337748408  -52.339122167
    0.512061401    3.188445192  -29.458887545
    0.515577439    3.141847656    1.832495022
    0.519093478    3.186559942   20.063600685
    0.522609516    3.256125954   15.765500813
    0.526125554    3.276682704   -3.200839965
    0.529641592    3.240246455  -14.404541280
    0.533157631    3.192112294  -10.780266699
    0.536673669    3.172215041   -0.626487730
    0.540189707    3.190342816    8.295665434
    0.543705745    3.238173001   18.219916114
    0.547221783    3.324204673   32.505936248
    0.550737822    3.471331583   51.926526203
    0.554253860    3.680567432   65.159230340
    0.557769898    3.906883830   60.350229088
    0.561285936    4.090849793   41.856383139
    0.564801975    4.202392182   21.962607005
    0.568318013    4.267971173   19.536845117
    0.571834051    4.359546793   33.775118127
    0.575350089    4.510285276   50.962322596
    0.578866127    4.704699009   57.554574050
    0.582382166    4.902620070   51.841292601
    0.585898204    5.059743212   37.462189810
    0.589414242    5.161240272   18.986208583
    0.592930280    5.191716754   -2.310218045
    0.596446318    5.152271488  -17.945374594
    0.599962357    5.089934802  -12.680327185
    0.603478395    5.096219839   19.754967485
    0.606994433    5.248426406   69.058077286
    0.610510471    5.571894791  111.011416110
    0.614026510    5.994224556  126.087195275
    0.617542548    6.425051299  118.497632089
    0.621058586    6.832205527  114.264952021
    0.624574624    7.260504145  132.765955360
    0.628090662    7.788590216  170.894077644
    0.631606701    8.465870404  213.877491882
    0.635122739    9.273224172  245.562008929
    0.638638777   10.199491248  282.296505332
    0.642154815   11.264025689  324.224229750
    0.645670854   12.493536631  375.357118968
    0.649186892   13.895539605  420.130823754
    0.652702930   15.427628052  445.650874770
    0.656218968   16.996748077  445.313398349
    0.659735006   18.551932319  441.188974783
    0.663251045   20.124630861  457.126496901
    0.666767083   21.801683666  500.628283167
    0.670283121   23.653607914  552.652451143
    0.673799159   25.672231704  590.847689409
    0.677315197   27.776576068  604.120802819
    0.680831236   29.914964809  613.365664469
    0.684347274   32.121894870  650.355893514
    0.687863312   34.537326897  730.773258545
    0.691379350   37.283358654  830.048968850
    0.694895389   40.331651197  892.619570454
    0.698411427   43.463072636  874.028783935
    0.701927465   46.376348009  770.828732695
    0.705443503   48.821164408  616.365386775
    0.708959541   50.708523146  459.582783472
    0.712475580   52.081262428  327.283787280
    0.715991618   53.051165008  228.772088044
    0.719507656   53.726057113  158.419902512
    0.723023694   54.183774091  104.396317582
    0.726539732   54.468719541   61.381979173
    0.730055771   54.633567025   34.556158375
    0.733571809   54.722684164   17.035040338
    0.737087847   54.763385281    7.439126406
    0.740603885   54.780668074    2.959489078
    0.744119924   54.787160349    1.027368817
    0.747635962   54.787620339   -0.000000000
    0.751152000   54.787620339   -0.000000000
