#! FIELDS dist file.free der_dist
#! SET min_dist 0.199134
#! SET max_dist 0.751152
#! SET nbins_dist  158
#! SET periodic_dist false
    0.199134000   46.415363610   -0.000000000
    0.202650038   46.415363610   -0.000000000
    0.206166076   46.413385113   -1.406322976
    0.209682115   46.401299438   -6.885203232
    0.213198153   46.354915275  -21.611530896
    0.216714191   46.222662800  -58.007295773
    0.220230229   45.900372393 -134.474313534
    0.223746268   45.210961510 -269.107368844
    0.227262306   43.915909644 -481.874248484
    0.230778344   41.729241418 -774.564829986
    0.234294382   38.407916259 -1119.329426952
    0.237810420   33.863522148 -1458.821557583
    0.241326459   28.258564354 -1707.291171073
    0.244842497   22.045676986 -1794.664280627
    0.248358535   15.873313917 -1683.278511878
    0.251874573   10.413727239 -1399.380132214
    0.255390611    6.141540523 -1026.664173618
    0.258906650    3.192836356 -658.475386428
    0.262422688    1.421196913 -366.196984710
    0.265938726    0.500757550 -173.740736697
    0.269454764    0.102341458  -63.774964398
    0.272970803    0.000000000   -0.891761041
    0.276486841    0.068284135   36.958908606
    0.280002879    0.246232148   62.756091778
    0.283518917    0.510246067   88.168948422
    0.287034955    0.868332004  116.077680289
    0.290550994    1.337693669  152.988245524
    0.294067032    1.957682860  199.923380707
    0.297583070    2.737553323  241.926640047
    0.301099108    3.652037676  275.378822911
    0.304615146    4.649548233  288.882767527
    0.308131185    5.655179850  279.323868316
    0.311647223    6.597741306  256.650843488
    0.315163261    7.450489205  229.900024223
    0.318679299    8.227538135  214.588851182
    0.322195338    8.965774983  205.136959254
    0.325711376    9.657770513  186.196724197
    0.329227414   10.249234141  149.713288168
    0.332743452   10.694388847  101.485185122
    0.336259490   10.979655191   65.047630925
    0.339775529   11.196858973   65.467937259
    0.343291567   11.477619147   98.861738471
    0.346807605   11.894128736  135.875814665
    0.350323643   12.399031813  143.685344346
    0.353839682   12.852220696  106.603373193
    0.357355720   13.103984230   31.638529789
    0.360871758   13.072122582  -49.096106687
    0.364387796   12.789894961 -106.137385109
    0.367903834   12.379118446 -119.494022740
    0.371419873   11.997392032  -92.052700224
    0.374935911   11.754563547  -45.466679985
    0.378451949   11.657971866  -13.539474583
    0.381967987   11.625199938  -12.034710689
    0.385484025   11.533997268  -42.952948148
    0.389000064   11.319094269  -78.717950754
    0.392516102   10.995084838 -100.756201154
    0.396032140   10.633460270 -100.931292449
    0.399548178   10.301658418  -88.034906842
    0.403064217   10.012155381  -79.436690329
    0.406580255    9.727414162  -85.377339530
    0.410096293    9.390476962 -107.916300628
    0.413612331    8.955131780 -139.693855827
    0.417128369    8.412391092 -167.441526991
    0.420644408    7.799203197 -177.456032464
    0.424160446    7.203556515 -157.598405929
    0.427676484    6.721098358 -113.731813942
    0.431192522    6.407061785  -66.787709133
    0.434708561    6.230539461  -38.485824508
    0.438224599    6.100173325  -42.455183199
    0.441740637    5.903767851  -71.250413626
    0.445256675    5.595785212 -101.827703465
    0.448772713    5.214356525 -110.607212671
    0.452288752    4.853560450  -91.920909495
    0.455804790    4.586411439  -56.888113079
    0.459320828    4.453029029  -21.226505758
    0.462836866    4.425094856    3.611356653
    0.466352904    4.451079147    8.707613506
    0.469868943    4.469451354   -2.436275914
    0.473384981    4.417495963  -29.616311173
    0.476901019    4.242753823  -69.774660569
    0.480417057    3.925032436 -105.247898296
    0.483933096    3.535154229 -109.238945306
    0.487449134    3.200138733  -75.411820645
    0.490965172    3.024427828  -23.504707714
    0.494481210    3.017570635   13.241494670
    0.497997248    3.065032275    7.955703960
    0.501513287    3.032924864  -29.821090269
    0.505029325    2.851967353  -70.024843456
    0.508545363    2.579048035  -77.788159598
    0.512061401    2.353662143  -45.325433537
    0.515577439    2.282083470    4.297766795
    0.519093478    2.367234736   39.669839349
    0.522609516    2.525026798   44.754948248
    0.526125554    2.648563785   24.979648880
    0.529641592    2.700044201    6.733408531
    0.533157631    2.710460102    1.357908645
    0.536673669    2.720421306    4.889986892
    0.540189707    2.752318115   11.343845714
    0.543705745    2.812743994   23.053399310
    0.547221783    2.923845031   42.160884980
    0.550737822    3.114295568   66.651442656
    0.554253860    3.379656930   81.486871999
    0.557769898    3.658932119   73.327516683
    0.561285936    3.877128793   47.971866069
    0.564801975    3.997370020   21.155290317
    0.568318013    4.052269370   15.084218418
    0.571834051    4.126645448   28.711895697
    0.575350089    4.257714201   44.160626317
    0.578866127    4.415326393   41.760769610
    0.582382166    4.527111809   17.039214542
    0.585898204    4.519140279  -22.112658712
    0.589414242    4.370594718  -62.214058983
    0.592930280    4.097006781  -90.915844339
    0.596446318    3.763041038  -93.526506750
    0.599962357    3.484542346  -57.329314374
    0.603478395    3.403621139   15.514954984
    0.606994433    3.612090350  104.057574914
    0.610510471    4.112429766  174.464194269
    0.614026510    4.783599319  201.663566784
    0.617542548    5.477915820  190.205748691
    0.621058586    6.111155121  169.419654199
    0.624574624    6.692795350  163.835701839
    0.628090662    7.286099628  177.140033588
    0.631606701    7.949380754  200.729684989
    0.635122739    8.689841127  221.666064793
    0.638638777    9.525698547  256.118277603
    0.642154815   10.502942704  301.936110036
    0.645670854   11.664383626  359.467171286
    0.649186892   13.020999681  409.925971834
    0.652702930   14.525271657  439.603300426
    0.656218968   16.082900531  444.952903704
    0.659735006   17.646981420  446.495640847
    0.663251045   19.249209698  469.320498591
    0.666767083   20.983838956  520.645399238
    0.670283121   22.916506939  578.216657302
    0.673799159   25.029139978  617.757956079
    0.677315197   27.223499726  625.736374021
    0.680831236   29.408345907  615.381138646
    0.684347274   31.559317224  613.295764611
    0.687863312   33.747839408  636.187092888
    0.691379350   36.044999617  669.245659767
    0.694895389   38.420742932  673.442136573
    0.698411427   40.710597733  618.867642878
    0.701927465   42.703185197  506.388891903
    0.705443503   44.233987428  363.197960446
    0.708959541   45.268894158  229.194454152
    0.712475580   45.880299126  125.647134799
    0.715991618   46.197383649   60.078896304
    0.719507656   46.341594556   25.815672404
    0.723023694   46.399732845    9.429647196
    0.726539732   46.413999624    1.460374057
    0.730055771   46.415363610   -0.000000000
    0.733571809   46.415363610   -0.000000000
    0.737087847   46.415363610   -0.000000000
    0.740603885   46.415363610   -0.000000000
    0.744119924   46.415363610   -0.000000000
    0.747635962   46.415363610   -0.000000000
    0.751152000   46.415363610   -0.000000000
