#! FIELDS dist file.free der_dist
#! SET min_dist 0.199134
#! SET max_dist 0.751152
#! SET nbins_dist  158
#! SET periodic_dist false
    0.199134000   41.678209869   -0.000000000
    0.202650038   41.678209869   -0.000000000
    0.206166076   41.677747574   -0.536741260
    0.209682115   41.671135425   -4.308235263
    0.213198153   41.641191322  -14.191178907
    0.216714191   41.551712540  -40.010755466
    0.220230229   41.323117645  -97.594979728
    0.223746268   40.812612552 -202.233149141
    0.227262306   39.822142462 -373.840026561
    0.230778344   38.098328152 -618.962812915
    0.234294382   35.402804510 -920.922958322
    0.237810420   31.605221839 -1236.882598916
    0.241326459   26.776121959 -1493.785722168
    0.244842497   21.246967078 -1624.573291313
    0.248358535   15.558197082 -1580.785554685
    0.251874573   10.332257848 -1367.226875271
    0.255390611    6.077046923 -1044.181496320
    0.258906650    3.027951831 -691.880130985
    0.262422688    1.161185218 -382.150014011
    0.265938726    0.247674953 -151.832256083
    0.269454764    0.000000000   -1.122518098
    0.272970803    0.172045282   89.303731382
    0.276486841    0.575180666  133.308051916
    0.280002879    1.069814028  143.517115396
    0.283518917    1.568026056  139.128404510
    0.287034955    2.046104288  133.556158989
    0.290550994    2.526305207  143.264364426
    0.294067032    3.081473069  175.096251388
    0.297583070    3.765497536  213.878250645
    0.301099108    4.587501622  251.520026767
    0.304615146    5.511899194  271.142946462
    0.308131185    6.462114600  264.841035708
    0.311647223    7.352818787  241.026634078
    0.315163261    8.143852538  210.181114820
    0.318679299    8.843055252  190.162966767
    0.322195338    9.489136169  177.756397023
    0.325711376   10.086192425  159.934152814
    0.329227414   10.593930651  128.925882297
    0.332743452   10.982343436   90.550780524
    0.336259490   11.254414386   68.704910871
    0.339775529   11.512410376   84.859662646
    0.343291567   11.886656101  131.963723887
    0.346807605   12.436044210  177.360849053
    0.350323643   13.092047892  186.874194193
    0.353839682   13.687854455  143.077352541
    0.357355720   14.047174194   54.982452362
    0.360871758   14.066313538  -43.976380799
    0.364387796   13.769453407 -118.954213983
    0.367903834   13.294237782 -141.050104876
    0.371419873   12.844440105 -106.036673133
    0.374935911   12.589862726  -36.044845423
    0.378451949   12.576812648   23.742229902
    0.381967987   12.709161269   41.402526213
    0.385484025   12.801326624    3.733112398
    0.389000064   12.704232888  -61.036719025
    0.392516102   12.376574312 -120.632576229
    0.396032140   11.887822644 -151.216434877
    0.399548178   11.351279518 -150.950085085
    0.403064217   10.846647012 -135.934331709
    0.406580255   10.397966460 -120.677727822
    0.410096293    9.983740903 -116.097548557
    0.413612331    9.563248798 -124.491833603
    0.417128369    9.098367277 -140.715436419
    0.420644408    8.578378466 -153.514553311
    0.424160446    8.045782058 -146.393562267
    0.427676484    7.582803205 -112.637169796
    0.431192522    7.269038199  -65.739625118
    0.434708561    7.114177790  -25.973748718
    0.438224599    7.053684017  -15.222011509
    0.441740637    6.970549416  -35.709595440
    0.445256675    6.787206076  -68.111297817
    0.448772713    6.508893491  -86.503451456
    0.452288752    6.211641995  -79.824672875
    0.455804790    5.968124629  -55.225467027
    0.459320828    5.824517685  -28.550348647
    0.462836866    5.755031002  -13.456965952
    0.466352904    5.698045768  -21.890598607
    0.469868943    5.582621729  -48.058176393
    0.473384981    5.347668670  -86.828304539
    0.476901019    4.968197041 -126.304833759
    0.480417057    4.478363737 -143.641956053
    0.483933096    4.009036570 -114.592875978
    0.487449134    3.720238042  -44.308395187
    0.490965172    3.702749528   32.452084331
    0.494481210    3.905011431   72.526311421
    0.497997248    4.136361544   50.721470216
    0.501513287    4.208963000  -13.461781507
    0.505029325    4.042551229  -76.916008166
    0.508545363    3.719436035  -97.617204670
    0.512061401    3.415733038  -68.711913914
    0.515577439    3.263774312  -17.499688391
    0.519093478    3.276777670   20.531183862
    0.522609516    3.373102096   29.326731225
    0.526125554    3.454368315   17.025761370
    0.529641592    3.495046037    9.070658201
    0.533157631    3.532942313   14.407430138
    0.536673669    3.603312167   25.205320431
    0.540189707    3.708673808   31.293772296
    0.543705745    3.827822642   35.282373414
    0.547221783    3.961560463   42.299301708
    0.550737822    4.129775846   53.971086280
    0.554253860    4.332360334   59.120447377
    0.557769898    4.523104440   46.405498229
    0.561285936    4.644620821   20.598807156
    0.564801975    4.672608706   -3.672820980
    0.568318013    4.645048354   -6.963428257
    0.571834051    4.647255790    9.941254806
    0.575350089    4.719075081   29.689395080
    0.578866127    4.838389871   35.061156091
    0.582382166    4.945886852   22.478782961
    0.585898204    4.985125996    0.123282261
    0.589414242    4.948262112  -20.841617798
    0.592930280    4.852824501  -31.404652487
    0.596446318    4.751375905  -22.483708453
    0.599962357    4.727155122   14.262747358
    0.603478395    4.882397422   76.495243532
    0.606994433    5.276844951  147.903019641
    0.610510471    5.898863923  200.374156331
    0.614026510    6.637289091  214.935268354
    0.617542548    7.363568520  195.998709889
    0.621058586    8.010623845  171.963848843
    0.624574624    8.596371236  164.114743712
    0.628090662    9.190064303  177.518555801
    0.631606701    9.860870799  205.344774674
    0.635122739   10.631875134  234.954528970
    0.638638777   11.530665860  277.998386632
    0.642154815   12.596014042  329.243370307
    0.645670854   13.848198014  382.311832112
    0.649186892   15.263029179  418.766516038
    0.652702930   16.765914080  430.736046529
    0.656218968   18.273440035  426.104324017
    0.659735006   19.771032817  430.344958901
    0.663251045   21.346337543  472.583886468
    0.666767083   23.140086405  551.034846563
    0.670283121   25.217925627  627.400598078
    0.673799159   27.501433542  660.273719906
    0.677315197   29.782271786  626.191133269
    0.680831236   31.842862603  539.380241364
    0.684347274   33.558570379  440.134326723
    0.687863312   34.967398983  368.976574521
    0.691379350   36.202047640  339.252988296
    0.694895389   37.376161369  329.306053271
    0.698411427   38.506470453  310.820913245
    0.701927465   39.532188568  267.905875873
    0.705443503   40.362712901  202.735508950
    0.708959541   40.956117020  135.163550202
    0.712475580   41.325249827   78.162184910
    0.715991618   41.527416223   39.390283439
    0.719507656   41.623582056   17.591930768
    0.723023694   41.664097678    6.861416608
    0.726539732   41.676845883    1.460374057
    0.730055771   41.678209869   -0.000000000
    0.733571809   41.678209869   -0.000000000
    0.737087847   41.678209869   -0.000000000
    0.740603885   41.678209869   -0.000000000
    0.744119924   41.678209869   -0.000000000
    0.747635962   41.678209869   -0.000000000
    0.751152000   41.678209869   -0.000000000
