#! FIELDS dist file.free der_dist
#! SET min_dist 0.199134
#! SET max_dist 0.751152
#! SET nbins_dist  158
#! SET periodic_dist false
    0.199134000   52.143638972   -0.000000000
    0.202650038   52.143638972   -0.000000000
    0.206166076   52.140316609   -2.372341635
    0.209682115   52.119426638  -11.397469763
    0.213198153   52.041922909  -35.909823104
    0.216714191   51.828227757  -92.323209200
    0.220230229   51.326260896 -205.586702134
    0.223746268   50.291588497 -398.080223552
    0.227262306   48.413088098 -686.913636405
    0.230778344   45.363887881 -1058.745973789
    0.234294382   40.934760905 -1458.820774691
    0.237810420   35.171755012 -1802.043831972
    0.241326459   28.447944908 -1990.054101775
    0.244842497   21.425724211 -1966.409647247
    0.248358535   14.871311359 -1730.324969075
    0.251874573    9.429622609 -1349.771696976
    0.255390611    5.425482456 -933.293114848
    0.258906650    2.805094112 -572.051491492
    0.262422688    1.280259710 -314.412981379
    0.265938726    0.476286461 -157.318273825
    0.269454764    0.099345301  -64.178775405
    0.272970803    0.000000000    4.548469431
    0.276486841    0.120629483   62.864623253
    0.280002879    0.428620350  110.246301169
    0.283518917    0.883099800  146.534769535
    0.287034955    1.441969254  168.837668848
    0.290550994    2.062600738  184.254284387
    0.294067032    2.741972098  201.795660943
    0.297583070    3.477135519  215.914589881
    0.301099108    4.264371766  231.134565381
    0.304615146    5.092946417  239.211963281
    0.308131185    5.931303300  235.475265724
    0.311647223    6.740401711  225.376857192
    0.315163261    7.508465548  212.916195466
    0.318679299    8.247571590  209.519314324
    0.322195338    8.982283677  207.899866168
    0.325711376    9.695315037  195.332389037
    0.329227414   10.328391642  164.293311826
    0.332743452   10.833900661  120.698924642
    0.336259490   11.187157330   83.388645476
    0.339775529   11.456366485   75.253435205
    0.343291567   11.746644954   93.955678557
    0.346807605   12.120693834  117.835281546
    0.350323643   12.554111990  123.447434225
    0.353839682   12.952892427   97.863558552
    0.357355720   13.209243587   43.476753034
    0.360871758   13.252815178  -19.286874773
    0.364387796   13.091069502  -69.899534122
    0.367903834   12.798357534  -90.629686413
    0.371419873   12.490752045  -79.598663322
    0.374935911   12.259814528  -50.584541310
    0.378451949   12.121744326  -30.732023034
    0.381967987   12.020184574  -32.548427094
    0.385484025   11.861507001  -59.934913633
    0.389000064   11.599216855  -88.437901478
    0.392516102   11.253633646 -103.347900104
    0.396032140   10.893118856  -98.281540651
    0.399548178   10.575317839  -82.931682534
    0.403064217   10.306973444  -72.505850770
    0.406580255   10.051795340  -75.261068338
    0.410096293    9.760168334  -91.927972283
    0.413612331    9.393317562 -116.613143229
    0.417128369    8.941817924 -139.074681284
    0.420644408    8.432292520 -147.783003348
    0.424160446    7.934269604 -132.411437522
    0.427676484    7.527418487  -96.375444975
    0.431192522    7.258986088  -58.167080828
    0.434708561    7.097581055  -38.382281167
    0.438224599    6.951984092  -51.284072689
    0.441740637    6.707682999  -89.935374165
    0.445256675    6.316269308 -130.481239126
    0.448772713    5.819672414 -146.806024973
    0.452288752    5.325591752 -130.769729631
    0.455804790    4.924970406  -93.357581124
    0.459320828    4.671861847  -52.669610860
    0.462836866    4.543140579  -22.171817897
    0.466352904    4.490542187   -9.926543100
    0.469868943    4.461088773   -9.997745171
    0.473384981    4.409594276  -20.946177869
    0.476901019    4.298314117  -42.640921059
    0.480417057    4.101870087  -64.915318249
    0.483933096    3.859806253  -67.784180000
    0.487449134    3.652508798  -46.201889919
    0.490965172    3.546235526  -13.394071586
    0.494481210    3.544809982    7.808910597
    0.497997248    3.562487611   -1.418970463
    0.501513287    3.508704880  -31.355528425
    0.505029325    3.343350652  -59.833782173
    0.508545363    3.120910390  -60.612808892
    0.512061401    2.954065696  -30.833342457
    0.515577439    2.915765690    7.704908864
    0.519093478    2.989592450   30.010162371
    0.522609516    3.093942253   24.763864716
    0.526125554    3.137097801    0.116780971
    0.529641592    3.100061665  -18.014464445
    0.533157631    3.029795028  -19.161733376
    0.536673669    2.978303698   -9.490499676
    0.540189707    2.970649427    2.953638901
    0.543705745    3.008197289   17.727392067
    0.547221783    3.099508615   35.563241247
    0.550737822    3.259366605   55.696750008
    0.554253860    3.479701288   67.445021591
    0.557769898    3.710797403   61.004778239
    0.561285936    3.896760738   42.703243117
    0.564801975    4.015040629   25.355227148
    0.568318013    4.098430871   26.303494996
    0.571834051    4.218767022   42.980951254
    0.575350089    4.402130528   59.718978329
    0.578866127    4.621207739   62.128374787
    0.582382166    4.822219608   48.390752807
    0.585898204    4.949009267   23.307458048
    0.589414242    4.981644501   -5.698014918
    0.592930280    4.912919159  -32.962574099
    0.596446318    4.766131150  -46.894235491
    0.599962357    4.617328652  -31.669898869
    0.603478395    4.582901537   16.086413718
    0.606994433    4.750311000   80.927544329
    0.610510471    5.136118044  133.573145886
    0.614026510    5.644648341  151.262325799
    0.617542548    6.156446915  138.098576776
    0.621058586    6.613750667  122.576639537
    0.624574624    7.049175401  128.621766634
    0.628090662    7.546169310  158.470140919
    0.631606701    8.176075054  200.799595244
    0.635122739    8.949928904  240.753917474
    0.638638777    9.882926356  291.457385431
    0.642154815   11.005174042  347.219782370
    0.645670854   12.332910521  407.434450783
    0.649186892   13.852658004  453.826398121
    0.652702930   15.498633027  476.090510449
    0.656218968   17.168360493  472.781550183
    0.659735006   18.822337363  470.815481464
    0.663251045   20.513594549  496.238781565
    0.666767083   22.353212066  554.492488025
    0.670283121   24.419766967  619.988949760
    0.673799159   26.685015997  661.317803226
    0.677315197   29.020867493  661.053347806
    0.680831236   31.303126951  634.997857597
    0.684347274   33.499489996  621.145046750
    0.687863312   35.717398219  648.740507231
    0.691379350   38.102506401  710.615536766
    0.694895389   40.703655689  762.470289248
    0.698411427   43.396731765  758.081407787
    0.701927465   45.945020669  679.287400828
    0.705443503   48.102682699  542.124450019
    0.708959541   49.736462661  386.959480981
    0.712475580   50.839040793  245.233159200
    0.715991618   51.504669353  139.354986277
    0.719507656   51.865959484   71.665977063
    0.723023694   52.042249522   32.606824171
    0.726539732   52.111290380   11.059555486
    0.730055771   52.134908753    3.800423457
    0.733571809   52.143070075    0.773776116
    0.737087847   52.143638972   -0.000000000
    0.740603885   52.143638972   -0.000000000
    0.744119924   52.143638972   -0.000000000
    0.747635962   52.143638972   -0.000000000
    0.751152000   52.143638972   -0.000000000
