#! FIELDS dist file.free der_dist
#! SET min_dist 0.199134
#! SET max_dist 0.751152
#! SET nbins_dist  158
#! SET periodic_dist false
    0.199134000   59.762528038   -0.417620903
    0.202650038   59.759860183   -1.225508894
    0.206166076   59.747855582   -7.005623882
    0.209682115   59.697078934  -24.950969664
    0.213198153   59.543186982  -68.030473125
    0.216714191   59.160426526 -159.315568678
    0.220230229   58.330956651 -328.588027731
    0.223746268   56.732714084 -598.829890245
    0.227262306   53.991133895 -977.812797385
    0.230778344   49.769815001 -1430.705417006
    0.234294382   43.941789376 -1873.825120566
    0.237810420   36.732776121 -2197.984649792
    0.241326459   28.750627673 -2299.648024924
    0.244842497   20.864782355 -2143.339644107
    0.248358535   13.937527526 -1768.192273748
    0.251874573    8.561207117 -1283.253009751
    0.255390611    4.890599362 -820.396101616
    0.258906650    2.664320403 -468.739141157
    0.262422688    1.431180162 -255.262323220
    0.265938726    0.741954735 -150.347593298
    0.269454764    0.314732812  -96.535112205
    0.272970803    0.062036489  -46.415042178
    0.276486841    0.000000000   12.403931910
    0.280002879    0.149333598   71.763339979
    0.283518917    0.497477173  124.556578891
    0.287034955    1.006709820  162.459022856
    0.290550994    1.628552918  190.768135850
    0.294067032    2.347840017  217.300992959
    0.297583070    3.145771270  235.109125752
    0.301099108    3.997516065  247.333287166
    0.304615146    4.868658691  246.459442829
    0.308131185    5.712076183  231.212708929
    0.311647223    6.490735481  213.588980067
    0.315163261    7.217024845  202.715255744
    0.318679299    7.938597062  211.265526977
    0.322195338    8.711447967  228.588058943
    0.325711376    9.533141199  235.925403909
    0.329227414   10.336581290  219.143249949
    0.332743452   11.044700960  179.079425719
    0.336259490   11.589030918  131.364038138
    0.339775529   11.989094576   99.879645840
    0.343291567   12.311556105   87.216992553
    0.346807605   12.608877404   82.065864730
    0.350323643   12.883235156   71.410794321
    0.353839682   13.097770209   48.533412659
    0.357355720   13.212696562   14.761658362
    0.360871758   13.207208912  -17.901061088
    0.364387796   13.101264156  -40.757604712
    0.367903834   12.943580023  -45.545846646
    0.371419873   12.799054353  -34.393788967
    0.374935911   12.709403038  -17.054498508
    0.378451949   12.659417073  -14.224533318
    0.381967987   12.588069969  -31.242911033
    0.385484025   12.413767285  -69.311161486
    0.389000064   12.106621639 -103.904796038
    0.392516102   11.700159476 -121.888581709
    0.396032140   11.272956545 -117.027550027
    0.399548178   10.896718376  -96.608679848
    0.403064217   10.598742602  -74.498915162
    0.406580255   10.364611824  -61.225290722
    0.410096293   10.147304113  -64.589506278
    0.413612331    9.885899691  -86.011296836
    0.417128369    9.527694610 -119.034870238
    0.420644408    9.052590171 -149.572505909
    0.424160446    8.503662971 -159.209953668
    0.427676484    7.967843267 -141.072301689
    0.431192522    7.532426778 -105.589919782
    0.434708561    7.223734409  -72.116007175
    0.438224599    7.003112473  -58.933358919
    0.441740637    6.783541862  -68.705020409
    0.445256675    6.508081060  -88.068779617
    0.448772713    6.176084591  -98.410695847
    0.452288752    5.837816440  -93.250788221
    0.455804790    5.531065381  -78.747395770
    0.459320828    5.283270338  -63.801725231
    0.462836866    5.079031003  -52.130341725
    0.466352904    4.906412243  -45.835750177
    0.469868943    4.760329839  -38.556331528
    0.473384981    4.634005572  -33.939978536
    0.476901019    4.507982028  -38.426455873
    0.480417057    4.351197084  -47.568364842
    0.483933096    4.182598723  -44.685623374
    0.487449134    4.056230513  -24.491588301
    0.490965172    4.015596841    1.876195925
    0.494481210    4.054677554   15.727973646
    0.497997248    4.090291361    1.406861306
    0.501513287    4.043050672  -29.943500036
    0.505029325    3.882423805  -58.581160979
    0.508545363    3.662261459  -61.193376396
    0.512061401    3.482438489  -38.513698459
    0.515577439    3.398832076  -10.853816103
    0.519093478    3.388420674    1.336579120
    0.522609516    3.383716899   -7.098014139
    0.526125554    3.323543618  -25.214868453
    0.529641592    3.219644125  -29.902216843
    0.533157631    3.133199533  -16.968024341
    0.536673669    3.106625902    1.248155193
    0.540189707    3.140575097   14.635689962
    0.543705745    3.211672594   24.478392080
    0.547221783    3.315142078   35.892135923
    0.550737822    3.467458234   51.553162780
    0.554253860    3.669770612   61.874719662
    0.557769898    3.883096733   56.644925662
    0.561285936    4.056657052   40.277769387
    0.564801975    4.168988563   24.236690084
    0.568318013    4.249955052   25.744546103
    0.571834051    4.366734556   41.419532146
    0.575350089    4.542155747   56.885312220
    0.578866127    4.751112889   59.755257534
    0.582382166    4.949729300   50.275846600
    0.585898204    5.097383149   33.767280859
    0.589414242    5.183710906   14.029550888
    0.592930280    5.193501433   -9.435850300
    0.596446318    5.122616144  -29.023542363
    0.599962357    5.013215451  -28.213318209
    0.603478395    4.959133472    1.506759529
    0.606994433    5.049296208   52.806791407
    0.610510471    5.326570270  101.684652955
    0.614026510    5.733649381  126.996378942
    0.617542548    6.187453847  130.636081798
    0.621058586    6.655035001  136.011636662
    0.624574624    7.171682974  160.909560009
    0.628090662    7.806170798  202.652689133
    0.631606701    8.597484655  246.708099770
    0.635122739    9.516543663  275.891788565
    0.638638777   10.541672662  307.634442968
    0.642154815   11.682568503  342.237272683
    0.645670854   12.960311118  384.643723967
    0.649186892   14.377661699  419.402541120
    0.652702930   15.887435838  433.905774056
    0.656218968   17.397391546  423.763361009
    0.659735006   18.861786857  411.968028664
    0.663251045   20.326260221  425.896500384
    0.666767083   21.900983015  474.320364733
    0.670283121   23.677120559  536.763967509
    0.673799159   25.662955585  588.139204274
    0.677315197   27.778532788  612.034593886
    0.680831236   29.953989528  625.109208540
    0.684347274   32.199218801  659.265883349
    0.687863312   34.632870231  731.896390237
    0.691379350   37.369162645  823.969194304
    0.694895389   40.394690695  887.800686013
    0.698411427   43.531100599  884.100824937
    0.701927465   46.527884923  810.577084720
    0.705443503   49.181365707  696.856055893
    0.708959541   51.432840540  586.426233897
    0.712475580   53.330029999  497.514854412
    0.715991618   54.956201718  428.761233232
    0.719507656   56.353648670  365.093828572
    0.723023694   57.512187144  292.511008364
    0.726539732   58.396373763  211.741650484
    0.730055771   59.009539543  139.265002752
    0.733571809   59.392551860   80.880867880
    0.737087847   59.601682499   40.917305523
    0.740603885   59.701803115   18.495175134
    0.744119924   59.745028850    7.469289660
    0.747635962   59.759776606    1.681519699
    0.751152000   59.762528139   -0.000000000
