#! FIELDS dist file.free der_dist
#! SET min_dist 0.199134
#! SET max_dist 0.751152
#! SET nbins_dist  158
#! SET periodic_dist false
    0.199134000   50.531230841   -0.000000000
    0.202650038   50.531230841   -0.000000000
    0.206166076   50.527908478   -2.372341635
    0.209682115   50.507672222  -10.950872538
    0.213198153   50.433261105  -34.323319914
    0.216714191   50.229472388  -87.905407585
    0.220230229   49.752210608 -195.347213572
    0.223746268   48.769960427 -377.645655466
    0.227262306   46.988725352 -651.192019128
    0.230778344   44.098178732 -1003.842804831
    0.234294382   39.895673008 -1385.427537024
    0.237810420   34.413410824 -1717.611314647
    0.241326459   27.987013223 -1907.934402544
    0.244842497   21.227130338 -1901.617871829
    0.248358535   14.853797925 -1693.074249690
    0.251874573    9.492447929 -1340.495339529
    0.255390611    5.484089454 -942.865029795
    0.258906650    2.816864490 -586.860948674
    0.262422688    1.247989570 -323.330333798
    0.265938726    0.430464556 -156.153360670
    0.269454764    0.071251527  -56.340802483
    0.272970803    0.000000000   11.336853110
    0.276486841    0.131600793   61.354103284
    0.280002879    0.414621080   97.367483646
    0.283518917    0.806296133  124.447576076
    0.287034955    1.278578850  142.804890579
    0.290550994    1.809871707  160.418021602
    0.294067032    2.416011037  184.595990110
    0.297583070    3.105602847  207.299501421
    0.301099108    3.877619316  230.894010572
    0.304615146    4.717337808  245.409411020
    0.308131185    5.584475373  245.015825192
    0.311647223    6.427517624  234.437219403
    0.315163261    7.222218108  218.443577470
    0.318679299    7.971544233  209.713412919
    0.322195338    8.698489004  203.643522459
    0.325711376    9.391958544  188.954290361
    0.329227414   10.003715905  158.961477645
    0.332743452   10.495619523  118.551810340
    0.336259490   10.848563806   85.317230605
    0.339775529   11.130958121   80.618535220
    0.343291567   11.443612785  100.997760173
    0.346807605   11.840856340  123.363183918
    0.350323643   12.285667061  123.777228968
    0.353839682   12.672354839   90.295802784
    0.357355720   12.887164234   27.704893535
    0.360871758   12.865767573  -39.634021847
    0.364387796   12.633706064  -88.309124904
    0.367903834   12.289840227 -100.324340500
    0.371419873   11.968991644  -77.245390301
    0.374935911   11.765705131  -38.008620149
    0.378451949   11.681326171  -14.194458578
    0.381967987   11.633215697  -19.820683211
    0.385484025   11.503836204  -56.741305214
    0.389000064   11.233279405  -96.278034666
    0.392516102   10.843590625 -119.923911185
    0.396032140   10.415671478 -119.166124397
    0.399548178   10.024332921 -103.225699946
    0.403064217    9.691240391  -88.594938162
    0.406580255    9.389818893  -85.328844748
    0.410096293    9.073664475  -95.950572335
    0.413612331    8.701205016 -116.248188549
    0.417128369    8.254043163 -137.521068948
    0.420644408    7.747240222 -148.311429114
    0.424160446    7.240599353 -137.125621631
    0.427676484    6.808991402 -105.509936000
    0.431192522    6.503853259  -69.399013986
    0.434708561    6.304761927  -47.907703880
    0.438224599    6.134336462  -55.475992893
    0.441740637    5.886039801  -88.139047384
    0.445256675    5.508584574 -124.977380963
    0.448772713    5.031958662 -141.705405873
    0.452288752    4.549846712 -129.398442830
    0.455804790    4.145773145  -96.545570218
    0.459320828    3.876313309  -58.349664447
    0.462836866    3.727424544  -27.534637988
    0.466352904    3.659045753  -13.419352591
    0.469868943    3.619961970  -12.275168296
    0.473384981    3.559528059  -24.129083773
    0.476901019    3.432846899  -48.424490721
    0.480417057    3.211300636  -73.196903153
    0.483933096    2.938747259  -76.313899066
    0.487449134    2.706059959  -51.504050023
    0.490965172    2.590962096  -12.909421561
    0.494481210    2.602794708   14.577810874
    0.497997248    2.652149800    9.332609524
    0.501513287    2.638456705  -19.807416847
    0.505029325    2.511562283  -49.725073957
    0.508545363    2.321704560  -52.079775582
    0.512061401    2.183888017  -22.645121877
    0.515577439    2.175733829   16.747003451
    0.519093478    2.283213370   39.938328324
    0.522609516    2.422405711   34.375691391
    0.526125554    2.496335017    7.842351974
    0.529641592    2.481653038  -13.067010936
    0.533157631    2.423783911  -16.991840976
    0.536673669    2.375453256   -9.873151957
    0.540189707    2.362241205    0.154997006
    0.543705745    2.385296743   12.225503323
    0.547221783    2.452417483   27.320895971
    0.550737822    2.579131282   45.149100120
    0.554253860    2.759337929   55.380048833
    0.557769898    2.947388512   48.853102286
    0.561285936    3.093328409   32.467038834
    0.564801975    3.182351279   19.237632182
    0.568318013    3.253651549   25.708767634
    0.571834051    3.382458835   48.363714354
    0.575350089    3.593402638   69.581647261
    0.578866127    3.850714737   73.378714421
    0.582382166    4.087830435   57.033734541
    0.585898204    4.235711011   26.293644416
    0.589414242    4.267352289   -9.158955047
    0.592930280    4.177255947  -41.195451534
    0.596446318    3.997808767  -56.620132287
    0.599962357    3.817270677  -39.510795655
    0.603478395    3.761488088   11.944458274
    0.606994433    3.921297565   80.539879325
    0.610510471    4.310548383  135.576199748
    0.614026510    4.827296164  153.584884577
    0.617542548    5.344762936  138.722848245
    0.621058586    5.799423857  120.292876932
    0.624574624    6.220976637  123.061270649
    0.628090662    6.693570535  150.309527017
    0.631606701    7.292972451  191.822380934
    0.635122739    8.036462676  232.748783826
    0.638638777    8.945234100  285.891951952
    0.642154815   10.053598167  344.960235998
    0.645670854   11.378720003  408.002568823
    0.649186892   12.903266379  455.615485071
    0.652702930   14.553630944  476.277983383
    0.656218968   16.216622774  468.193723106
    0.659735006   17.842132623  458.930393489
    0.663251045   19.477035857  476.170481295
    0.666767083   21.233698036  527.811862049
    0.670283121   23.199532054  590.098819840
    0.673799159   25.360075311  632.333562481
    0.677315197   27.600990417  636.483402457
    0.680831236   29.807714763  616.714950787
    0.684347274   31.951077395  609.149195081
    0.687863312   34.136229510  641.802644664
    0.691379350   36.503434373  707.115102126
    0.694895389   39.096203748  760.958254827
    0.698411427   41.785747532  757.471476781
    0.701927465   44.332852605  679.102941874
    0.705443503   46.490274567  542.124450019
    0.708959541   48.124054530  386.959480981
    0.712475580   49.226632662  245.233159200
    0.715991618   49.892261222  139.354986277
    0.719507656   50.253551353   71.665977063
    0.723023694   50.429841391   32.606824171
    0.726539732   50.498882249   11.059555486
    0.730055771   50.522500622    3.800423457
    0.733571809   50.530661943    0.773776116
    0.737087847   50.531230841   -0.000000000
    0.740603885   50.531230841   -0.000000000
    0.744119924   50.531230841   -0.000000000
    0.747635962   50.531230841   -0.000000000
    0.751152000   50.531230841   -0.000000000
