#! FIELDS dist file.free der_dist
#! SET min_dist 0.199134
#! SET max_dist 0.751152
#! SET nbins_dist  158
#! SET periodic_dist false
    0.199134000   44.629337340   -0.000000000
    0.202650038   44.629337340   -0.000000000
    0.206166076   44.627358843   -1.406322976
    0.209682115   44.615273167   -6.885203232
    0.213198153   44.569216298  -21.385310653
    0.216714191   44.438850061  -57.084336569
    0.220230229   44.122125839 -132.067213530
    0.223746268   43.445816485 -263.736666626
    0.227262306   42.177832844 -471.396856194
    0.230778344   40.040365603 -756.633215309
    0.234294382   36.797524272 -1092.494944735
    0.237810420   32.363065152 -1423.388037216
    0.241326459   26.894262351 -1665.804927426
    0.244842497   20.832873774 -1750.535012592
    0.248358535   14.815945286 -1639.272466355
    0.251874573    9.510058502 -1355.815558735
    0.255390611    5.392436038 -982.067896932
    0.258906650    2.604298505 -611.606532650
    0.262422688    1.000548453 -317.944144210
    0.265938726    0.247134500 -127.671761730
    0.269454764    0.000000000  -24.635293945
    0.272970803    0.016577837   27.060287728
    0.276486841    0.160357198   51.958804715
    0.280002879    0.369541403   65.989049238
    0.283518917    0.629850071   83.800679821
    0.287034955    0.967096170  109.448863456
    0.290550994    1.416093987  148.710743605
    0.294067032    2.029550225  200.871881330
    0.297583070    2.823191903  248.682479559
    0.301099108    3.769821621  286.555469997
    0.304615146    4.811326112  302.326905185
    0.308131185    5.864770332  292.738076434
    0.311647223    6.851734368  268.358221072
    0.315163261    7.740909105  238.886046616
    0.318679299    8.542984383  219.813771012
    0.322195338    9.291817963  205.926158006
    0.325711376    9.977985968  181.988301410
    0.329227414   10.545591527  140.426750338
    0.332743452   10.951777582   88.994224613
    0.336259490   11.193950832   53.669109881
    0.339775529   11.378892636   59.017676495
    0.343291567   11.648454610   98.901042977
    0.346807605   12.074151733  140.610708534
    0.350323643   12.598320313  149.355589031
    0.353839682   13.069379809  111.109727606
    0.357355720   13.336131454   35.767006275
    0.360871758   13.321035725  -43.290726374
    0.364387796   13.064395469  -97.256810074
    0.367903834   12.690749337 -107.386586471
    0.371419873   12.356396856  -77.244237800
    0.374935911   12.169131472  -28.917964723
    0.378451949   12.129985969    1.999748199
    0.381967987   12.143477919   -2.262713376
    0.385484025   12.068219996  -44.348294797
    0.389000064   11.823015937  -94.606117141
    0.392516102   11.420217542 -128.826537589
    0.396032140   10.947611252 -134.574187364
    0.399548178   10.499876555 -119.022335149
    0.403064217   10.116512673 -101.118677316
    0.406580255    9.777689546  -94.443929013
    0.410096293    9.429527662 -105.643297718
    0.413612331    9.015900772 -130.640983411
    0.417128369    8.506572105 -158.685024315
    0.420644408    7.913896246 -175.426740323
    0.424160446    7.308572366 -165.099843213
    0.427676484    6.786106705 -128.345667633
    0.431192522    6.416691923  -82.427151347
    0.434708561    6.192810315  -48.824320827
    0.438224599    6.040580308  -44.244886583
    0.441740637    5.852244662  -65.309950966
    0.445256675    5.573081825  -92.241883838
    0.448772713    5.224518092 -102.214390857
    0.452288752    4.884962843  -88.738409510
    0.455804790    4.617549582  -60.114271142
    0.459320828    4.462775389  -29.751839511
    0.462836866    4.400969741   -6.709565198
    0.466352904    4.392478926   -0.056622370
    0.469868943    4.386409913   -7.356679814
    0.473384981    4.325055947  -30.038276898
    0.476901019    4.157565370  -65.230821162
    0.480417057    3.863964375  -96.177100089
    0.483933096    3.513183297  -96.431095334
    0.487449134    3.227444243  -60.571411892
    0.490965172    3.104344893   -8.668838524
    0.494481210    3.147106018   26.473535644
    0.497997248    3.237553032   19.245910625
    0.501513287    3.243097761  -19.425399778
    0.505029325    3.098160538  -59.913615190
    0.508545363    2.860480865  -67.991931224
    0.512061401    2.667833388  -36.661795722
    0.515577439    2.622649547   10.471135082
    0.519093478    2.723792257   42.459290736
    0.522609516    2.884445495   43.562911066
    0.526125554    2.997619703   20.425310184
    0.529641592    3.026764871   -1.235311094
    0.533157631    3.004701162   -8.969317552
    0.536673669    2.976181883   -6.358351014
    0.540189707    2.969755674    1.121084883
    0.543705745    2.999660507   16.176277533
    0.547221783    3.094881492   40.074431223
    0.550737822    3.286266245   69.111567999
    0.554253860    3.566095791   86.799868917
    0.557769898    3.864854407   78.466643241
    0.561285936    4.095338441   49.285229820
    0.564801975    4.210168631   16.475307136
    0.568318013    4.237879626    4.669092734
    0.571834051    4.270027643   15.846781175
    0.575350089    4.357238386   32.720396211
    0.578866127    4.482094784   34.828522429
    0.582382166    4.578222719   14.929266088
    0.585898204    4.568102246  -21.670889421
    0.589414242    4.421107484  -62.195540447
    0.592930280    4.143827789  -93.071354129
    0.596446318    3.798135489  -97.913326698
    0.599962357    3.501021571  -63.339169981
    0.603478395    3.398085234    9.038801853
    0.606994433    3.583817922   97.506493530
    0.610510471    4.061061408  167.660280659
    0.614026510    4.707270594  194.039687256
    0.617542548    5.371186108  180.457992205
    0.621058586    5.964640268  156.643121479
    0.624574624    6.496657035  148.855472122
    0.628090662    7.037798876  163.101803358
    0.631606701    7.660625225  192.526699447
    0.635122739    8.390032849  223.859717180
    0.638638777    9.253723106  269.618471783
    0.642154815   10.295420259  324.723349002
    0.645670854   11.545807226  386.656022837
    0.649186892   12.997407917  436.006355453
    0.652702930   14.587207544  462.216222661
    0.656218968   16.223966921  467.719744734
    0.659735006   17.877111164  475.954227803
    0.663251045   19.608803865  515.043480845
    0.666767083   21.543381841  589.119234954
    0.670283121   23.754439283  666.677006702
    0.673799159   26.193301616  711.259135364
    0.677315197   28.688882235  698.805701067
    0.680831236   31.052674070  639.686959351
    0.684347274   33.172667872  569.424891390
    0.687863312   35.081699151  522.789726828
    0.691379350   36.883264132  505.552265729
    0.694895389   38.641323685  491.853177533
    0.698411427   40.310036720  451.966452336
    0.701927465   41.775865111  375.928352121
    0.705443503   42.923311234  275.317743447
    0.708959541   43.715909927  177.617412653
    0.712475580   44.193883383   99.442864035
    0.715991618   44.447647779   48.929026813
    0.719507656   44.565941967   21.373775331
    0.723023694   44.614742513    8.169946715
    0.726539732   44.627973353    1.460374057
    0.730055771   44.629337340   -0.000000000
    0.733571809   44.629337340   -0.000000000
    0.737087847   44.629337340   -0.000000000
    0.740603885   44.629337340   -0.000000000
    0.744119924   44.629337340   -0.000000000
    0.747635962   44.629337340   -0.000000000
    0.751152000   44.629337340   -0.000000000
