#! FIELDS dist file.free der_dist
#! SET min_dist 0.199134
#! SET max_dist 0.751152
#! SET nbins_dist  158
#! SET periodic_dist false
    0.199134000   50.161543454   -0.000000000
    0.202650038   50.161543454   -0.000000000
    0.206166076   50.158221091   -2.372341635
    0.209682115   50.138878041  -10.513629359
    0.213198153   50.067662404  -32.907151463
    0.216714191   49.871778259  -84.615746128
    0.220230229   49.411894688 -188.502200227
    0.223746268   48.462513817 -365.513159642
    0.227262306   46.735238775 -632.569355128
    0.230778344   43.920934240 -979.398536782
    0.234294382   39.810082914 -1358.513404888
    0.237810420   34.419038915 -1693.644097642
    0.241326459   28.063521833 -1892.332677944
    0.244842497   21.338742828 -1897.414842798
    0.248358535   14.961028801 -1699.248749774
    0.251874573    9.565916985 -1352.575356186
    0.255390611    5.513072577 -955.177391791
    0.258906650    2.808931926 -595.023744499
    0.262422688    1.221578949 -325.666574496
    0.265938726    0.404773910 -153.812868538
    0.269454764    0.057856229  -52.182359235
    0.272970803    0.000000000   14.392981110
    0.276486841    0.137802943   61.730771525
    0.280002879    0.417876321   95.363331175
    0.283518917    0.800216437  121.438070143
    0.287034955    1.262465377  140.354119277
    0.290550994    1.787951289  159.626162748
    0.294067032    2.394673943  185.725702940
    0.297583070    3.091697546  210.298121049
    0.301099108    3.876898524  235.390970209
    0.304615146    4.734640298  251.072335251
    0.308131185    5.623152253  251.372800287
    0.311647223    6.488910655  240.970789651
    0.315163261    7.306523397  225.012496881
    0.318679299    8.080084527  217.093219765
    0.322195338    8.835737576  212.670758109
    0.325711376    9.563694534  199.345617871
    0.329227414   10.211680243  168.743101070
    0.332743452   10.732174102  124.492273522
    0.336259490   11.095752856   85.183710785
    0.339775529   11.367077043   74.865659708
    0.343291567   11.654487318   93.153237961
    0.346807605   12.027078630  117.867916880
    0.350323643   12.461319571  123.407355064
    0.353839682   12.855342903   94.556612746
    0.357355720   13.088209083   33.050679463
    0.360871758   13.082325441  -36.722951340
    0.364387796   12.852778686  -89.871976651
    0.367903834   12.495998872 -105.846200525
    0.371419873   12.151820154  -84.540602067
    0.374935911   11.924243139  -44.201994593
    0.378451949   11.822825077  -17.524803626
    0.381967987   11.768970963  -19.824007286
    0.385484025   11.644901170  -53.926058721
    0.389000064   11.387203368  -91.982827257
    0.392516102   11.013509072 -115.221407054
    0.396032140   10.602540415 -114.129121804
    0.399548178   10.230556814  -97.143310363
    0.403064217    9.921327136  -81.146322505
    0.406580255    9.647626975  -77.276485122
    0.410096293    9.358030585  -89.287756262
    0.413612331    9.003341485 -113.191913753
    0.417128369    8.558201995 -139.585094331
    0.420644408    8.035141509 -155.377258573
    0.424160446    7.496373301 -148.091666793
    0.427676484    7.021350491 -119.031285251
    0.431192522    6.666279185  -84.053624359
    0.434708561    6.416065665  -61.914160709
    0.438224599    6.201524082  -66.062071043
    0.441740637    5.926039274  -92.614364525
    0.445256675    5.546140663 -121.892964597
    0.448772713    5.092099448 -132.385401394
    0.452288752    4.648794623 -117.380603978
    0.455804790    4.285856054  -85.819411384
    0.459320828    4.047244965  -51.807079254
    0.462836866    3.912780177  -25.798977755
    0.466352904    3.843572700  -15.312986250
    0.469868943    3.793736601  -16.232101608
    0.473384981    3.717833386  -28.772881075
    0.476901019    3.574899422  -52.884775881
    0.480417057    3.339078791  -76.758659263
    0.483933096    3.056385432  -78.482827451
    0.487449134    2.818425148  -52.374861996
    0.490965172    2.701528271  -13.258655091
    0.494481210    2.710856669   13.268449686
    0.497997248    2.751825634    5.646203966
    0.501513287    2.719650611  -26.639185675
    0.505029325    2.563810691  -59.210086875
    0.508545363    2.337837164  -62.901725006
    0.512061401    2.161988149  -33.237298296
    0.515577439    2.118787641    7.545609361
    0.519093478    2.197244546   32.712353013
    0.522609516    2.315029974   29.478714668
    0.526125554    2.376270735    5.564890133
    0.529641592    2.358230855  -12.718230520
    0.533157631    2.305862387  -14.355056334
    0.536673669    2.269957487   -5.566792909
    0.540189707    2.274149201    5.720235711
    0.543705745    2.318862512   18.984664573
    0.547221783    2.411657986   35.143358919
    0.550737822    2.567106511   53.496920803
    0.554253860    2.775828895   62.992412316
    0.557769898    2.987058468   54.215537389
    0.561285936    3.146051329   34.438491753
    0.564801975    3.235443797   17.485327415
    0.568318013    3.294416242   20.529515514
    0.571834051    3.399834208   40.371163200
    0.575350089    3.578586808   59.374134884
    0.578866127    3.797262196   61.770438531
    0.582382166    3.992686863   45.133836288
    0.585898204    4.100340957   15.470447470
    0.589414242    4.097080886  -18.045171737
    0.592930280    3.979575115  -47.885086256
    0.596446318    3.780245108  -61.272536894
    0.599962357    3.586255800  -42.551855896
    0.603478395    3.522188615   10.230410199
    0.606994433    3.677756193   79.745923557
    0.610510471    4.065011853  135.163516730
    0.614026510    4.579844027  152.799085975
    0.617542548    5.093164521  137.155177865
    0.621058586    5.541586930  118.410424752
    0.624574624    5.957444633  121.928601289
    0.628090662    6.429272733  151.181559737
    0.631606701    7.036306204  195.322650133
    0.635122739    7.795963797  238.264978546
    0.638638777    8.725571636  291.921490902
    0.642154815    9.853424838  349.839337706
    0.645670854   11.191337192  410.244756225
    0.649186892   12.718481266  454.908853870
    0.652702930   14.362512549  473.669297632
    0.656218968   16.016218235  465.914245060
    0.659735006   17.637944376  459.428652081
    0.663251045   19.281813279  480.834786613
    0.666767083   21.061230211  535.717994589
    0.670283121   23.056003548  597.969483069
    0.673799159   25.237989232  636.013578799
    0.677315197   27.480077574  633.193078724
    0.680831236   29.662623419  606.527395990
    0.684347274   31.761941572  594.850687459
    0.687863312   33.895108420  627.136925553
    0.691379350   36.214742715  695.041966733
    0.694895389   38.771527215  752.618758251
    0.698411427   41.438028125  752.568057463
    0.701927465   43.972477164  676.621087282
    0.705443503   46.123885132  541.035671433
    0.708959541   47.755179050  386.543638012
    0.712475580   48.856945275  245.233159200
    0.715991618   49.522573835  139.354986277
    0.719507656   49.883863966   71.665977063
    0.723023694   50.060154004   32.606824171
    0.726539732   50.129194862   11.059555486
    0.730055771   50.152813235    3.800423457
    0.733571809   50.160974557    0.773776116
    0.737087847   50.161543454   -0.000000000
    0.740603885   50.161543454   -0.000000000
    0.744119924   50.161543454   -0.000000000
    0.747635962   50.161543454   -0.000000000
    0.751152000   50.161543454   -0.000000000
