#! FIELDS dist file.free der_dist
#! SET min_dist 0.199134
#! SET max_dist 0.751152
#! SET nbins_dist  158
#! SET periodic_dist false
    0.199134000   46.712876250   -0.000000000
    0.202650038   46.712876250   -0.000000000
    0.206166076   46.710878777   -1.654442761
    0.209682115   46.697210801   -7.611161748
    0.213198153   46.645546534  -24.023959528
    0.216714191   46.499609590  -63.864821264
    0.220230229   46.146569982 -146.658116706
    0.223746268   45.398036534 -291.146474443
    0.227262306   44.003572622 -516.675270935
    0.230778344   41.671624333 -822.019697957
    0.234294382   38.167460327 -1174.589013372
    0.237810420   33.429087443 -1511.947154922
    0.241326459   27.658640942 -1746.355571939
    0.244842497   21.347717149 -1810.281467522
    0.248358535   15.166562132 -1672.948134554
    0.251874573    9.782223074 -1368.336040427
    0.255390611    5.640822354 -985.205852502
    0.258906650    2.840264008 -617.240643903
    0.262422688    1.202218253 -332.218906686
    0.265938726    0.384422027 -149.340716892
    0.269454764    0.056631200  -47.649105905
    0.272970803    0.000000000    9.359248590
    0.276486841    0.096556939   42.947244218
    0.280002879    0.288385746   64.841594013
    0.283518917    0.552497496   86.209122750
    0.287034955    0.897015143  110.372045312
    0.290550994    1.341691319  145.098017275
    0.294067032    1.933835408  192.319992739
    0.297583070    2.690632361  236.709782018
    0.301099108    3.592150981  273.109770696
    0.304615146    4.584283596  287.665130069
    0.308131185    5.582881100  276.048883162
    0.311647223    6.506366776  248.836280461
    0.315163261    7.323157549  217.491532024
    0.318679299    8.052141418  200.288588388
    0.322195338    8.743428475  193.521993706
    0.325711376    9.405434219  181.372144674
    0.329227414    9.995683196  153.981385240
    0.332743452   10.471743907  114.494073874
    0.336259490   10.814458494   84.142185718
    0.339775529   11.103775587   86.695742846
    0.343291567   11.457214694  118.378621247
    0.346807605   11.934917766  150.839426412
    0.350323643   12.482815203  153.177097387
    0.353839682   12.960745955  111.439881837
    0.357355720   13.223819624   33.522754816
    0.360871758   13.196187354  -48.285210377
    0.364387796   12.916781614 -105.327693759
    0.367903834   12.509256914 -118.418358539
    0.371419873   12.131078689  -91.282587445
    0.374935911   11.888362823  -46.446050159
    0.378451949   11.783112676  -17.677933949
    0.381967987   11.729075057  -20.014367490
    0.385484025   11.603735126  -54.183373710
    0.389000064   11.346377799  -91.248154185
    0.392516102   10.979449911 -112.285107874
    0.396032140   10.581514005 -109.818434476
    0.399548178   10.224288788  -93.539576581
    0.403064217    9.921854127  -81.240290008
    0.406580255    9.637800019  -83.111239339
    0.410096293    9.316386591 -101.303573789
    0.413612331    8.911562970 -129.115631121
    0.417128369    8.410987624 -154.389968345
    0.420644408    7.844824576 -164.158053348
    0.424160446    7.293189605 -146.190974528
    0.427676484    6.845060866 -105.807572406
    0.431192522    6.551695491  -63.022894396
    0.434708561    6.380654386  -39.165551308
    0.438224599    6.239922185  -47.573402288
    0.441740637    6.018677229  -80.064196809
    0.445256675    5.675550240 -112.638869731
    0.448772713    5.256838323 -120.527658922
    0.452288752    4.867405900  -97.841269322
    0.455804790    4.589876475  -56.665209798
    0.459320828    4.468892058  -14.566377039
    0.462836866    4.473122314   14.762654044
    0.466352904    4.541170484   20.793790057
    0.469868943    4.597796408    6.748151544
    0.473384981    4.569163948  -25.862024693
    0.476901019    4.396478731  -72.373013323
    0.480417057    4.059019324 -113.700956357
    0.483933096    3.631055352 -122.186156723
    0.487449134    3.245141860  -91.095952812
    0.490965172    3.012711552  -39.666294670
    0.494481210    2.952341125   -0.550970547
    0.497997248    2.959859712   -0.525571099
    0.501513287    2.909863141  -31.353625824
    0.505029325    2.735356755  -65.146475193
    0.508545363    2.487179266  -69.145953793
    0.512061401    2.293893781  -36.208826469
    0.515577439    2.251698992   11.673690880
    0.519093478    2.359118820   45.072221032
    0.522609516    2.534010346   49.340072711
    0.526125554    2.674336668   30.115382392
    0.529641592    2.745807046   12.924815832
    0.533157631    2.779117011    8.028962433
    0.536673669    2.811301355   10.554644462
    0.540189707    2.859018083   14.482103545
    0.543705745    2.924186284   22.422735463
    0.547221783    3.025116421   36.945120204
    0.550737822    3.189073352   56.878539899
    0.554253860    3.413728669   68.392589109
    0.557769898    3.644184261   59.110685948
    0.561285936    3.814319883   35.329634149
    0.564801975    3.896761379   12.644873794
    0.568318013    3.931236491   12.070633729
    0.571834051    4.004768128   31.147575270
    0.575350089    4.152461234   50.936735126
    0.578866127    4.339122035   51.281266206
    0.582382166    4.487225406   27.976149033
    0.585898204    4.518225113  -11.027161136
    0.589414242    4.407613309  -51.895903978
    0.592930280    4.167185704  -82.564178882
    0.596446318    3.857284384  -88.362050598
    0.599962357    3.589995808  -56.333436567
    0.603478395    3.504240229   11.667738180
    0.606994433    3.690169835   95.092986983
    0.610510471    4.150372701  160.713602190
    0.614026510    4.766351351  184.273726365
    0.617542548    5.395962994  171.129470967
    0.621058586    5.963667341  151.818531302
    0.624574624    6.491414709  151.431732769
    0.628090662    7.054836130  172.973317920
    0.631606701    7.720059117  205.860846649
    0.635122739    8.492598110  234.185210626
    0.638638777    9.378778182  271.280302058
    0.642154815   10.405753567  314.183145705
    0.645670854   11.598746469  364.731376394
    0.649186892   12.959857815  407.408684943
    0.652702930   14.445256080  432.087437830
    0.656218968   15.974771998  437.446426596
    0.659735006   17.520498961  444.336931755
    0.663251045   19.129818577  475.822834038
    0.666767083   20.903386197  536.039025068
    0.670283121   22.901954559  599.579468170
    0.673799159   25.093764329  640.605511332
    0.677315197   27.364820434  645.935456166
    0.680831236   29.612197876  630.536662458
    0.684347274   31.806875324  623.093280140
    0.687863312   34.021868630  641.607682781
    0.691379350   36.332846636  671.917501590
    0.694895389   38.715008041  674.592271903
    0.698411427   41.007306312  619.247059225
    0.701927465   43.000697836  506.388891903
    0.705443503   44.531500067  363.197960446
    0.708959541   45.566406798  229.194454152
    0.712475580   46.177811765  125.647134799
    0.715991618   46.494896288   60.078896304
    0.719507656   46.639107195   25.815672404
    0.723023694   46.697245484    9.429647196
    0.726539732   46.711512263    1.460374057
    0.730055771   46.712876250   -0.000000000
    0.733571809   46.712876250   -0.000000000
    0.737087847   46.712876250   -0.000000000
    0.740603885   46.712876250   -0.000000000
    0.744119924   46.712876250   -0.000000000
    0.747635962   46.712876250   -0.000000000
    0.751152000   46.712876250   -0.000000000
