#! FIELDS dist file.free der_dist
#! SET min_dist 0.199134
#! SET max_dist 0.751152
#! SET nbins_dist  158
#! SET periodic_dist false
    0.199134000   47.012586517   -0.000000000
    0.202650038   47.012586517   -0.000000000
    0.206166076   47.010589045   -1.654442761
    0.209682115   46.996921069   -7.611161748
    0.213198153   46.944740044  -24.304336667
    0.216714191   46.797117558  -64.606030551
    0.220230229   46.439960816 -148.364499186
    0.223746268   45.682596183 -294.643706908
    0.227262306   44.271463054 -522.788517843
    0.230778344   41.912582179 -831.264645043
    0.234294382   38.370862095 -1186.537880181
    0.237810420   33.587883945 -1525.026124615
    0.241326459   27.772944804 -1758.184473408
    0.244842497   21.425690266 -1818.834688844
    0.248358535   15.221889883 -1677.261536788
    0.251874573    9.828997844 -1369.163530374
    0.255390611    5.688198053 -984.398804925
    0.258906650    2.890195208 -616.917846936
    0.262422688    1.249984565 -333.929333730
    0.265938726    0.421761317 -153.498080802
    0.269454764    0.076361131  -53.250483556
    0.272970803    0.000000000    4.059593544
    0.276486841    0.081053245   39.628742044
    0.280002879    0.265901590   64.165256145
    0.283518917    0.530928886   87.172712398
    0.287034955    0.879186351  111.184495046
    0.290550994    1.323707985  143.980975624
    0.294067032    1.907479616  188.693188715
    0.297583070    2.648415484  231.642961474
    0.301099108    3.532813284  268.841549094
    0.304615146    4.515017808  286.637780240
    0.308131185    5.518026215  279.650023690
    0.311647223    6.462407782  256.927497799
    0.315163261    7.313038049  228.278784971
    0.318679299    8.080751041  211.138375626
    0.322195338    8.806752793  202.057365392
    0.325711376    9.492195426  185.998689024
    0.329227414   10.090771857  154.060049569
    0.332743452   10.559336576  110.290516869
    0.336259490   10.881418400   76.881955339
    0.339775529   11.143139095   78.695708743
    0.343291567   11.470974003  112.326912625
    0.346807605   11.934427277  148.989200759
    0.350323643   12.483943841  155.747761865
    0.353839682   12.975512280  116.050734246
    0.357355720   13.253252152   36.667962043
    0.360871758   13.230036953  -49.125185681
    0.364387796   12.940842341 -109.694648117
    0.367903834   12.516439594 -122.874214771
    0.371419873   12.129151438  -91.337550114
    0.374935911   11.898418420  -39.374778033
    0.378451949   11.830272121   -4.055562077
    0.381967987   11.831350928   -2.959621007
    0.385484025   11.766003326  -37.728937192
    0.389000064   11.561074107  -78.175227086
    0.392516102   11.232629211 -103.522393099
    0.396032140   10.858532496 -104.863077864
    0.399548178   10.513530301  -91.389320776
    0.403064217   10.214880812  -81.132659763
    0.406580255    9.927953862  -84.922705454
    0.410096293    9.596442746 -105.382718253
    0.413612331    9.172350498 -136.071532506
    0.417128369    8.641493528 -164.704933354
    0.420644408    8.033163659 -177.731271513
    0.424160446    7.429539402 -161.915395103
    0.427676484    6.924749893 -121.906037817
    0.431192522    6.577596109  -77.170475242
    0.434708561    6.362500409  -49.919401159
    0.438224599    6.190499828  -54.720085525
    0.441740637    5.948505798  -85.069933453
    0.445256675    5.588296258 -117.744186208
    0.448772713    5.148796938 -127.388707380
    0.452288752    4.732116935 -106.268339674
    0.455804790    4.425208325  -64.471456640
    0.459320828    4.282098906  -18.875790309
    0.462836866    4.280523934   15.946111194
    0.466352904    4.362605784   27.459345681
    0.469868943    4.450035034   17.230861968
    0.473384981    4.461873611  -13.623244024
    0.476901019    4.333102767  -59.783126214
    0.480417057    4.039895875 -101.164584669
    0.483933096    3.656148461 -109.567117285
    0.487449134    3.314438653  -78.709155754
    0.490965172    3.123074819  -28.959595164
    0.494481210    3.094466143    6.395599894
    0.497997248    3.115799274    0.017377629
    0.501513287    3.053604834  -39.086376512
    0.505029325    2.835991839  -81.877536836
    0.508545363    2.515493602  -93.077956327
    0.512061401    2.230854196  -63.399440626
    0.515577439    2.095363775  -13.309428097
    0.519093478    2.126939714   27.702629248
    0.522609516    2.259127963   42.654436411
    0.526125554    2.394522343   33.550887713
    0.529641592    2.490436340   22.533736471
    0.533157631    2.560467441   18.403687432
    0.536673669    2.623748194   17.319892563
    0.540189707    2.686242315   16.114641213
    0.543705745    2.750012508   20.444444383
    0.547221783    2.842255845   34.524028025
    0.550737822    3.001350351   56.925406206
    0.554253860    3.232755711   72.261897029
    0.557769898    3.483358289   66.496894536
    0.561285936    3.683545188   44.775922857
    0.564801975    3.800455424   22.541688830
    0.568318013    3.868356088   20.970053743
    0.571834051    3.970133175   38.205565137
    0.575350089    4.138768124   55.772276664
    0.578866127    4.338854379   54.198166179
    0.582382166    4.494758381   29.651288871
    0.585898204    4.530749346   -9.760319509
    0.589414242    4.424968320  -50.308073161
    0.592930280    4.191151074  -80.385014067
    0.596446318    3.889693070  -85.837652850
    0.599962357    3.631260677  -53.953144309
    0.603478395    3.552803835   13.355400149
    0.606994433    3.743230593   95.964348612
    0.610510471    4.205985128  161.464550281
    0.614026510    4.826185032  186.201547481
    0.617542548    5.466711617  175.548461871
    0.621058586    6.055276627  159.274827740
    0.624574624    6.613751740  161.168605979
    0.628090662    7.212703950  183.044133867
    0.631606701    7.909401394  213.282099400
    0.635122739    8.700204526  236.845162143
    0.638638777    9.585208584  267.796189531
    0.642154815   10.588723171  304.374561361
    0.645670854   11.737184390  349.398483229
    0.649186892   13.037343004  388.462440166
    0.652702930   14.453849023  412.445848965
    0.656218968   15.917506552  420.272460647
    0.659735006   17.413046738  433.433535127
    0.663251045   18.997798357  472.719081502
    0.666767083   20.771455286  538.470943350
    0.670283121   22.780062894  601.700021470
    0.673799159   24.968917681  635.896496134
    0.677315197   27.206432878  631.619750076
    0.680831236   29.391253746  610.475982188
    0.684347274   31.518587923  606.635901864
    0.687863312   33.696923441  638.524028919
    0.691379350   36.028737232  686.989995263
    0.694895389   38.492470542  704.844386925
    0.698411427   40.905881703  656.278322201
    0.701927465   43.027447013  541.018424094
    0.705443503   44.667102623  389.888296870
    0.708959541   45.779228037  246.511685353
    0.712475580   46.437232282  135.258867282
    0.715991618   46.778528446   64.684922553
    0.719507656   46.933648532   27.732406872
    0.723023694   46.996069487   10.124968604
    0.726539732   47.011222531    1.460374057
    0.730055771   47.012586517   -0.000000000
    0.733571809   47.012586517   -0.000000000
    0.737087847   47.012586517   -0.000000000
    0.740603885   47.012586517   -0.000000000
    0.744119924   47.012586517   -0.000000000
    0.747635962   47.012586517   -0.000000000
    0.751152000   47.012586517   -0.000000000
