#! FIELDS dist file.free der_dist
#! SET min_dist 0.199134
#! SET max_dist 0.751152
#! SET nbins_dist  158
#! SET periodic_dist false
    0.199134000   58.330290194   -0.417620903
    0.202650038   58.327622338   -1.225508894
    0.206166076   58.316323164   -6.440437493
    0.209682115   58.269658049  -22.885462863
    0.213198153   58.128192651  -62.519977291
    0.216714191   57.775702297 -146.893868504
    0.220230229   57.009280911 -304.217593384
    0.223746268   55.525846916 -557.082005773
    0.227262306   52.966683092 -915.672091166
    0.230778344   48.996859200 -1350.861206075
    0.234294382   43.466787104 -1786.526102784
    0.237810420   36.554782113 -2119.162648963
    0.241326459   28.811319349 -2244.824762749
    0.244842497   21.062471499 -2120.688155392
    0.248358535   14.160966832 -1774.819233943
    0.251874573    8.726426751 -1307.346081766
    0.255390611    4.961789541 -847.531994518
    0.258906650    2.651350339 -488.236835742
    0.262422688    1.369748487 -263.243593910
    0.265938726    0.670760898 -148.550479716
    0.269454764    0.260549992  -89.440714589
    0.272970803    0.035667054  -38.267081100
    0.276486841    0.000000000   18.890035367
    0.280002879    0.166665334   75.050599573
    0.283518917    0.519522988  124.035038810
    0.287034955    1.021136957  158.799652661
    0.290550994    1.626572641  185.403219990
    0.294067032    2.326483349  211.897270624
    0.297583070    3.107356858  230.922930844
    0.301099108    3.946583510  244.288633205
    0.304615146    4.807239676  243.261069697
    0.308131185    5.636946763  226.480264384
    0.311647223    6.395131911  206.721615168
    0.315163261    7.094383140  194.358987822
    0.318679299    7.785660464  202.516880719
    0.322195338    8.527840268  219.909367550
    0.325711376    9.318046246  226.637386329
    0.329227414   10.086210270  208.383798606
    0.332743452   10.754695651  167.575153341
    0.336259490   11.261352706  122.027611133
    0.339775529   11.637773917   96.362212729
    0.343291567   11.961482671   91.519266073
    0.346807605   12.285595835   92.484733753
    0.350323643   12.600590484   83.262866182
    0.353839682   12.851350167   56.464993502
    0.357355720   12.982211052   15.637310995
    0.360871758   12.966989595  -24.007382220
    0.364387796   12.831182331  -51.118640363
    0.367903834   12.634415221  -56.942899810
    0.371419873   12.451484421  -44.741893533
    0.374935911   12.327343437  -26.349492874
    0.378451949   12.245962421  -22.907944011
    0.381967987   12.144414946  -39.672956989
    0.385484025   11.942313671  -76.463005174
    0.389000064   11.615331154 -107.743191830
    0.392516102   11.204631844 -120.100758087
    0.396032140   10.795678249 -108.299893878
    0.399548178   10.461907636  -81.384453710
    0.403064217   10.225499747  -55.320954726
    0.406580255   10.060133327  -42.025881816
    0.410096293    9.904464842  -49.366062015
    0.413612331    9.684578783  -77.987435452
    0.417128369    9.339825097 -119.445680247
    0.420644408    8.848838521 -157.968852820
    0.424160446    8.259019399 -173.626597954
    0.427676484    7.666424187 -158.374301595
    0.431192522    7.170166881 -122.359683014
    0.434708561    6.807615312  -85.714742767
    0.438224599    6.546196523  -68.596550482
    0.441740637    6.298066114  -75.679198430
    0.445256675    5.999154324  -94.756780897
    0.448772713    5.641817170 -106.352078890
    0.452288752    5.273099296 -102.471439364
    0.455804790    4.933899678  -87.645200085
    0.459320828    4.658256475  -70.524904357
    0.462836866    4.435906610  -55.595386626
    0.466352904    4.256651975  -46.311772984
    0.469868943    4.112273462  -37.367232514
    0.473384981    3.990876446  -32.495505369
    0.476901019    3.869456371  -37.216239099
    0.480417057    3.717117565  -46.109205044
    0.483933096    3.555670701  -41.872220291
    0.487449134    3.442641087  -19.727569385
    0.490965172    3.421393470    7.853687359
    0.494481210    3.480743581   20.885357995
    0.497997248    3.529517446    3.359874972
    0.501513287    3.481118625  -32.664499425
    0.505029325    3.303001232  -65.548479804
    0.508545363    3.054303922  -69.982637369
    0.512061401    2.845580311  -45.529383713
    0.515577439    2.745725024  -12.542481825
    0.519093478    2.742200740    7.063214877
    0.522609516    2.770375942    5.532572263
    0.526125554    2.762235566   -8.973229082
    0.529641592    2.714655554  -15.042016546
    0.533157631    2.670641408   -8.387639423
    0.536673669    2.658336780    0.510781684
    0.540189707    2.672879188    4.597848729
    0.543705745    2.696639176    8.381062645
    0.547221783    2.740237492   18.859664524
    0.550737822    2.838705683   38.697509093
    0.554253860    3.008441774   56.526722897
    0.557769898    3.217225829   59.236444196
    0.561285936    3.411187304   48.696922170
    0.564801975    3.557981781   34.749128189
    0.568318013    3.674130539   34.723067898
    0.571834051    3.817060526   47.190521768
    0.575350089    4.007237932   59.748435161
    0.578866127    4.223671917   61.446869132
    0.582382166    4.428966356   52.626611704
    0.585898204    4.587418301   37.630722615
    0.589414242    4.689607684   19.060183180
    0.592930280    4.717896546   -4.126868664
    0.596446318    4.664507863  -24.502537154
    0.599962357    4.568589862  -25.187568454
    0.603478395    4.521826834    2.598298656
    0.606994433    4.612029595   51.736025035
    0.610510471    4.882032482   98.671568705
    0.614026510    5.275919282  122.700207127
    0.617542548    5.713230307  125.670986910
    0.621058586    6.162669959  130.730800509
    0.624574624    6.660165685  155.112630427
    0.628090662    7.271920048  195.370900980
    0.631606701    8.033969860  237.269168474
    0.635122739    8.916732684  264.921981089
    0.638638777    9.903384117  297.140147263
    0.642154815   11.012254749  334.879253662
    0.645670854   12.271709375  381.709460969
    0.649186892   13.685352381  419.735688618
    0.652702930   15.197310893  434.208537956
    0.656218968   16.703553173  421.004003176
    0.659735006   18.151809094  405.782440699
    0.663251045   19.591646452  418.622716931
    0.666767083   21.143980513  469.408544739
    0.670283121   22.910399585  536.210902414
    0.673799159   24.900844007  590.883212797
    0.677315197   27.027395481  615.418860439
    0.680831236   29.212753914  627.352862303
    0.684347274   31.463518848  660.680517666
    0.687863312   33.907899450  737.884040265
    0.691379350   36.686939209  844.222171122
    0.694895389   39.825249099  933.270070421
    0.698411427   43.175975187  960.738681070
    0.701927465   46.489779354  911.813220727
    0.705443503   49.511220479  799.884365747
    0.708959541   52.079186534  657.698078196
    0.712475580   54.126594519  508.182152249
    0.715991618   55.667183176  370.085667805
    0.719507656   56.757378439  253.349419613
    0.723023694   57.475795115  159.739331980
    0.726539732   57.904157257   89.686294959
    0.730055771   58.137298090   46.965242916
    0.733571809   58.254733642   21.660691667
    0.737087847   58.305125646    8.313589832
    0.740603885   58.323338030    2.959489078
    0.744119924   58.329830304    1.027368817
    0.747635962   58.330290294   -0.000000000
    0.751152000   58.330290294   -0.000000000
