#! FIELDS dist file.free der_dist
#! SET min_dist 0.199134
#! SET max_dist 0.751152
#! SET nbins_dist  158
#! SET periodic_dist false
    0.199134000   40.054830691   -0.000000000
    0.202650038   40.054830691   -0.000000000
    0.206166076   40.054830691   -0.000000000
    0.209682115   40.052557173   -2.177842303
    0.213198153   40.036337474   -8.220641068
    0.216714191   39.979989210  -26.363908052
    0.220230229   39.821240057  -70.344232777
    0.223746268   39.439767980 -155.101576654
    0.227262306   38.656284963 -303.050231251
    0.230778344   37.219839423 -527.432803858
    0.234294382   34.867480404 -819.708005929
    0.237810420   31.418462861 -1142.920845070
    0.241326459   26.882010445 -1423.489562144
    0.244842497   21.543544646 -1587.071615332
    0.248358535   15.928952166 -1575.132063208
    0.251874573   10.678255843 -1385.124421204
    0.255390611    6.336499657 -1073.631763335
    0.258906650    3.179442779 -722.178843544
    0.262422688    1.217553627 -404.728210918
    0.265938726    0.247975372 -160.406879004
    0.269454764    0.000000000    7.601964646
    0.272970803    0.232525699  114.658803282
    0.276486841    0.747447612  170.599969376
    0.280002879    1.380969866  183.570326905
    0.283518917    2.010515249  172.144332104
    0.287034955    2.581931971  152.789391690
    0.290550994    3.102282820  147.092902656
    0.294067032    3.648079182  166.808596146
    0.297583070    4.288762720  198.136464645
    0.301099108    5.045925786  230.485418408
    0.304615146    5.886669331  244.457647539
    0.308131185    6.733870385  232.886436886
    0.311647223    7.507368720  207.383086319
    0.315163261    8.188841331  183.103960240
    0.318679299    8.817426030  178.496453403
    0.322195338    9.459962117  188.064676851
    0.325711376   10.133484080  192.488534418
    0.329227414   10.787029179  177.961314842
    0.332743452   11.363842756  146.854286029
    0.336259490   11.831031190  121.534701654
    0.339775529   12.252968405  123.837347329
    0.343291567   12.727909384  149.566330296
    0.346807605   13.298362757  171.974357968
    0.350323643   13.901324783  163.603421239
    0.353839682   14.400416755  113.518463079
    0.357355720   14.664050208   32.046518343
    0.360871758   14.630309978  -50.446453012
    0.364387796   14.342178167 -107.966942228
    0.367903834   13.926609308 -119.628768962
    0.371419873   13.554201390  -85.158945519
    0.374935911   13.359225260  -23.834928830
    0.378451949   13.371551626   25.972089074
    0.381967987   13.498960823   37.501787874
    0.385484025   13.575315647   -0.424186122
    0.389000064   13.469297763  -61.392366749
    0.392516102   13.151437325 -114.250104255
    0.396032140   12.700367649 -135.647249439
    0.399548178   12.240337522 -122.410531768
    0.403064217   11.862340333  -92.622881226
    0.406580255   11.585106516  -68.067790205
    0.410096293   11.355579548  -66.161037369
    0.413612331   11.084787192  -91.086938667
    0.417128369   10.695403665 -131.545864562
    0.420644408   10.167633571 -165.921854788
    0.424160446    9.566200334 -171.405619704
    0.427676484    9.004545492 -142.855616132
    0.431192522    8.579463322  -99.244314933
    0.434708561    8.297307998  -65.253339253
    0.438224599    8.087000194  -60.679765809
    0.441740637    7.837865359  -83.491982061
    0.445256675    7.492319946 -111.386380771
    0.448772713    7.078015023 -119.885146941
    0.452288752    6.683894672 -101.165665752
    0.455804790    6.385743673  -64.929385122
    0.459320828    6.229527183  -25.861845207
    0.462836866    6.192474636    2.405815781
    0.466352904    6.213291055    5.890895781
    0.469868943    6.208667542  -14.144938317
    0.473384981    6.090111865  -56.244354340
    0.476901019    5.796423142 -109.758231358
    0.480417057    5.328888139 -148.349145388
    0.483933096    4.803195105 -141.408158594
    0.487449134    4.389368154  -87.038377686
    0.490965172    4.211017561  -14.241145621
    0.494481210    4.260373520   34.272683653
    0.497997248    4.386290769   29.967024490
    0.501513287    4.421559548  -14.000300179
    0.505029325    4.284777312  -60.628735514
    0.508545363    4.037338326  -72.248840035
    0.512061401    3.826320355  -42.700260734
    0.515577439    3.754928320    1.286633018
    0.519093478    3.814510781   27.986874755
    0.522609516    3.916679729   25.653916351
    0.526125554    3.971554454    6.894261492
    0.529641592    3.976734252    0.212366408
    0.533157631    3.995912763   13.075723848
    0.536673669    4.077564849   32.654955339
    0.540189707    4.219041874   43.266441535
    0.543705745    4.378471930   45.345009464
    0.547221783    4.536954828   45.726030283
    0.550737822    4.702748449   49.324015810
    0.554253860    4.877205857   48.278979809
    0.557769898    5.022669709   31.920052423
    0.561285936    5.089802366    4.370887710
    0.564801975    5.058241683  -21.345762652
    0.568318013    4.965566794  -26.534394443
    0.571834051    4.894031777  -12.732022806
    0.575350089    4.878684925    2.486071989
    0.578866127    4.893786850    3.236217682
    0.582382166    4.883250549  -12.279069311
    0.585898204    4.800933223  -33.598352623
    0.589414242    4.653379911  -49.476533379
    0.592930280    4.470870441  -52.099329495
    0.596446318    4.310510409  -35.498320017
    0.599962357    4.251481919    6.912191131
    0.603478395    4.386932326   72.272442639
    0.606994433    4.771345932  146.343363053
    0.610510471    5.392730587  201.611146430
    0.614026510    6.141501175  219.736348510
    0.617542548    6.891686123  204.531280339
    0.621058586    7.573186646  182.852853010
    0.624574624    8.199004139  175.612794566
    0.628090662    8.830322406  187.015186809
    0.631606701    9.527754777  210.465285210
    0.635122739   10.308252098  235.402947273
    0.638638777   11.203301048  276.207211630
    0.642154815   12.271586736  333.318808580
    0.645670854   13.560684035  401.217837559
    0.649186892   15.080983294  461.013435549
    0.652702930   16.780572435  500.560864683
    0.656218968   18.579089584  520.476661364
    0.659735006   20.435009089  537.100727833
    0.663251045   22.379410804  572.011088753
    0.666767083   24.474910056  619.235979442
    0.670283121   26.705322253  643.101853946
    0.673799159   28.933255136  612.409604483
    0.677315197   30.938310574  519.188708409
    0.680831236   32.545177745  392.511733377
    0.684347274   33.714767336  281.237904857
    0.687863312   34.583136000  224.124740200
    0.691379350   35.359496566  225.220656515
    0.694895389   36.195857789  251.024209536
    0.698411427   37.107866788  263.694102016
    0.701927465   38.009778499  242.893573530
    0.705443503   38.778442374  191.354166749
    0.708959541   39.344839936  130.397803574
    0.712475580   39.704835847   76.706087181
    0.715991618   39.904037045   39.390283439
    0.719507656   40.000202878   17.591930768
    0.723023694   40.040718499    6.861416608
    0.726539732   40.053466704    1.460374057
    0.730055771   40.054830691   -0.000000000
    0.733571809   40.054830691   -0.000000000
    0.737087847   40.054830691   -0.000000000
    0.740603885   40.054830691   -0.000000000
    0.744119924   40.054830691   -0.000000000
    0.747635962   40.054830691   -0.000000000
    0.751152000   40.054830691   -0.000000000
