#! FIELDS dist file.free der_dist
#! SET min_dist 0.199134
#! SET max_dist 0.751152
#! SET nbins_dist  158
#! SET periodic_dist false
    0.199134000   57.136546665   -0.417620903
    0.202650038   57.133878810   -1.225508894
    0.206166076   57.122944504   -6.183584734
    0.209682115   57.078657765  -21.760619267
    0.213198153   56.944405601  -59.270213023
    0.216714191   56.610217929 -139.298648667
    0.220230229   55.882727404 -289.027394530
    0.223746268   54.471827308 -530.406229523
    0.227262306   52.030990126 -874.754264284
    0.230778344   48.229827213 -1296.327307881
    0.234294382   42.908121587 -1723.903304345
    0.237810420   36.216119334 -2058.571848136
    0.241326459   28.665237007 -2197.622154100
    0.244842497   21.046591817 -2094.646083720
    0.248358535   14.197028718 -1770.801015406
    0.251874573    8.746332343 -1319.026474657
    0.255390611    4.928239465 -864.528844212
    0.258906650    2.563076922 -501.037585775
    0.262422688    1.252237925 -266.673978942
    0.265938726    0.558254326 -142.649536074
    0.269454764    0.180209485  -77.751240400
    0.272970803    0.000000000  -25.310645034
    0.276486841    0.007046975   29.834721532
    0.280002879    0.206325171   82.556585827
    0.283518917    0.579960516  128.427218152
    0.287034955    1.092332745  160.693362904
    0.290550994    1.701270543  185.683996591
    0.294067032    2.401037198  211.682891776
    0.297583070    3.181524783  231.051473456
    0.301099108    4.022355448  245.054609614
    0.304615146    4.885578884  243.685350460
    0.308131185    5.712917344  224.245287099
    0.311647223    6.455186101  199.616215304
    0.315163261    7.119792326  181.890105236
    0.318679299    7.760483889  186.898837881
    0.322195338    8.448120437  205.293525473
    0.325711376    9.195184187  217.242159580
    0.329227414    9.943162648  206.408458146
    0.332743452   10.617171299  172.421132048
    0.336259490   11.150016861  131.676014386
    0.339775529   11.565453591  108.522465601
    0.343291567   11.933437390  104.158853381
    0.346807605   12.300092891  103.665611056
    0.350323643   12.647820444   90.276250093
    0.353839682   12.911416702   56.170189746
    0.357355720   13.024208985    5.439378857
    0.360871758   12.955235931  -44.105855079
    0.364387796   12.736361960  -77.387031119
    0.367903834   12.445766522  -82.712640706
    0.371419873   12.184094621  -62.717249309
    0.374935911   12.017520905  -32.170048355
    0.378451949   11.937134977  -17.107551911
    0.381967987   11.869579094  -27.225706695
    0.385484025   11.712800389  -64.213103161
    0.389000064   11.420470301 -100.857627910
    0.392516102   11.021712233 -120.219772797
    0.396032140   10.601941003 -113.882551556
    0.399548178   10.243533326  -89.371617788
    0.403064217    9.978654210  -63.137443243
    0.406580255    9.788547154  -48.124682323
    0.410096293    9.615204965  -53.362405864
    0.413612331    9.384629896  -80.116364258
    0.417128369    9.035249691 -120.044269707
    0.420644408    8.544893233 -156.936841995
    0.424160446    7.962370134 -170.409291360
    0.427676484    7.385555426 -152.600449475
    0.431192522    6.913633169 -114.484356150
    0.434708561    6.579883297  -77.655805758
    0.438224599    6.343140522  -63.029020429
    0.441740637    6.106694147  -74.901981052
    0.445256675    5.801377223  -98.938851777
    0.448772713    5.424121140 -112.844735903
    0.452288752    5.035071784 -106.718046948
    0.455804790    4.691955519  -84.996572041
    0.459320828    4.441789440  -58.528064557
    0.462836866    4.276949635  -35.469249444
    0.466352904    4.176258900  -22.796164831
    0.469868943    4.110596876  -17.264449264
    0.473384981    4.044744161  -21.799091093
    0.476901019    3.939309287  -38.960088341
    0.480417057    3.759966167  -59.248065155
    0.483933096    3.538216969  -62.137939591
    0.487449134    3.349295963  -41.691553666
    0.490965172    3.255371550  -10.861654491
    0.494481210    3.259317090    8.348898411
    0.497997248    3.276000316   -2.352933714
    0.501513287    3.218014764  -32.705864788
    0.505029325    3.046798232  -62.087083776
    0.508545363    2.812442880  -65.708485316
    0.512061401    2.617157214  -42.537693453
    0.515577439    2.523738138  -11.915518841
    0.519093478    2.518452659    5.547087075
    0.522609516    2.538800215    2.742414097
    0.526125554    2.519801707  -12.315692074
    0.529641592    2.459752351  -18.798115907
    0.533157631    2.401390614  -12.823252508
    0.536673669    2.372338012   -4.517312989
    0.540189707    2.369120609   -0.301607322
    0.543705745    2.377722941    4.838919735
    0.547221783    2.412788340   17.607581883
    0.550737822    2.510719596   39.475097241
    0.554253860    2.684347941   57.602088505
    0.557769898    2.894021038   58.335475784
    0.561285936    3.079045111   44.354146892
    0.564801975    3.204673588   27.208259360
    0.568318013    3.291329761   25.926198168
    0.571834051    3.404582161   39.402212349
    0.575350089    3.571198146   54.208096063
    0.578866127    3.772078452   58.063133494
    0.582382166    3.968264734   50.686347720
    0.585898204    4.121511857   36.616734610
    0.589414242    4.221694430   19.000188754
    0.592930280    4.251596974   -3.179184753
    0.596446318    4.202660681  -23.003394129
    0.599962357    4.112042649  -23.764037790
    0.603478395    4.069988970    3.827189232
    0.606994433    4.164371421   52.982139145
    0.610510471    4.439286284  100.263187337
    0.614026510    4.838568658  124.059642753
    0.617542548    5.278741851  125.763895614
    0.621058586    5.725278026  129.036915612
    0.624574624    6.214805783  152.575197614
    0.628090662    6.819222928  194.248905280
    0.631606701    7.583124253  239.715378907
    0.635122739    8.482183543  271.715939897
    0.638638777    9.499179288  307.237589052
    0.642154815   10.645898241  345.882939269
    0.645670854   11.942655121  391.720696815
    0.649186892   13.389679306  428.751526058
    0.652702930   14.933457838  443.416412058
    0.656218968   16.473224527  430.895606578
    0.659735006   17.958047832  416.396386215
    0.663251045   19.434537900  428.690792902
    0.666767083   21.020650957  478.614290468
    0.670283121   22.818872509  545.258022077
    0.673799159   24.841832772  600.186944597
    0.677315197   26.998512641  622.563541469
    0.680831236   29.197043563  626.545914453
    0.684347274   31.420417839  644.906635214
    0.687863312   33.776972661  703.542717350
    0.691379350   36.405630988  794.001434444
    0.694895389   39.350705138  875.216477256
    0.698411427   42.498312014  904.876207744
    0.701927465   45.631420867  865.808990950
    0.705443503   48.513837970  767.006322184
    0.708959541   50.988592278  637.138781958
    0.712475580   52.980913053  496.833205407
    0.715991618   54.492778770  364.570429271
    0.719507656   55.570092503  251.102905012
    0.723023694   56.283786882  159.018933741
    0.726539732   56.710564142   89.434483041
    0.730055771   56.943554561   46.965242916
    0.733571809   57.060990113   21.660691667
    0.737087847   57.111382117    8.313589832
    0.740603885   57.129594501    2.959489078
    0.744119924   57.136086776    1.027368817
    0.747635962   57.136546766   -0.000000000
    0.751152000   57.136546766   -0.000000000
