#! FIELDS dist file.free der_dist
#! SET min_dist 0.199134
#! SET max_dist 0.751152
#! SET nbins_dist  158
#! SET periodic_dist false
    0.199134000   42.094585484   -0.000000000
    0.202650038   42.094585484   -0.000000000
    0.206166076   42.094123189   -0.536741260
    0.209682115   42.087511039   -4.308235263
    0.213198153   42.057077606  -14.644775706
    0.216714191   41.964649561  -41.410988967
    0.220230229   41.727716560 -101.259045408
    0.223746268   41.197366322 -210.364618423
    0.227262306   40.166141814 -389.432518415
    0.230778344   38.369802963 -645.033927959
    0.234294382   35.562150038 -958.542361409
    0.237810420   31.615429396 -1283.223750850
    0.241326459   26.618410948 -1541.380681857
    0.244842497   20.934973831 -1662.971427220
    0.248358535   15.141733724 -1600.570032540
    0.251874573    9.886190649 -1364.189212991
    0.255390611    5.678274817 -1021.315796987
    0.258906650    2.732256113 -657.871731623
    0.262422688    0.988722693 -347.876926163
    0.265938726    0.182218228 -126.470212297
    0.269454764    0.000000000   10.408547240
    0.272970803    0.187806638   87.116187437
    0.276486841    0.564679041  121.449548082
    0.280002879    1.009409398  128.023262440
    0.283518917    1.454974543  125.364199594
    0.287034955    1.893844897  125.317507469
    0.290550994    2.356482744  141.456475506
    0.294067032    2.915440403  178.793514605
    0.297583070    3.620744569  222.081722564
    0.301099108    4.477852929  263.117834988
    0.304615146    5.447366641  284.865998323
    0.308131185    6.446756562  278.673265185
    0.311647223    7.382304530  252.239682631
    0.315163261    8.204781076  216.602792837
    0.318679299    8.917168382  191.425503565
    0.322195338    9.561420826  175.934365780
    0.325711376   10.150392408  157.922559190
    0.329227414   10.655070283  129.469104814
    0.332743452   11.050867814   94.063632373
    0.336259490   11.337882353   73.270814076
    0.339775529   11.609532267   87.596546191
    0.343291567   11.986530575  130.537130946
    0.346807605   12.523181196  171.771265755
    0.350323643   13.156198677  180.082850880
    0.353839682   13.732929357  139.852834658
    0.357355720   14.093201927   59.266204375
    0.360871758   14.142221775  -31.435262419
    0.364387796   13.899645314 -101.407142004
    0.367903834   13.486875479 -124.212614460
    0.371419873   13.086338901  -95.670373247
    0.374935911   12.851377284  -35.546377304
    0.378451949   12.821680412   14.154096160
    0.381967987   12.906851734   24.859214643
    0.385484025   12.935399790  -15.031672611
    0.389000064   12.775824740  -77.098338119
    0.392516102   12.400699831 -131.263862944
    0.396032140   11.884654943 -156.144900714
    0.399548178   11.338212229 -152.146511067
    0.403064217   10.831349016 -136.563858524
    0.406580255   10.377618176 -123.223379528
    0.410096293    9.949326986 -121.547283467
    0.413612331    9.505874803 -131.775963367
    0.417128369    9.015817232 -147.286551454
    0.420644408    8.478540990 -156.312890767
    0.424160446    7.945761419 -143.548880814
    0.427676484    7.502573512 -104.410019411
    0.431192522    7.224058081  -54.356219019
    0.434708561    7.110256392  -14.445852509
    0.438224599    7.087168444   -5.754513760
    0.441740637    7.032330283  -29.003581709
    0.445256675    6.868438528  -63.612471187
    0.448772713    6.603304559  -83.304765850
    0.452288752    6.316413720  -77.016676203
    0.455804790    6.082832682  -52.277345649
    0.459320828    5.950660656  -24.914685117
    0.462836866    5.895390959   -8.814249037
    0.466352904    5.857693795  -15.530103931
    0.469868943    5.767879693  -39.900537301
    0.473384981    5.563743522  -77.735416600
    0.476901019    5.215647290 -117.900777518
    0.480417057    4.750899246 -138.090115394
    0.483933096    4.294149654 -113.093642344
    0.487449134    4.003620157  -46.604867875
    0.490965172    3.973461198   27.999272158
    0.494481210    4.159680126   68.177519959
    0.497997248    4.378542019   48.113913253
    0.501513287    4.445466626  -14.173711111
    0.505029325    4.278350216  -76.822850093
    0.508545363    3.954961875  -98.164399853
    0.512061401    3.647029515  -70.656417799
    0.515577439    3.485443717  -21.023262515
    0.519093478    3.483811526   15.800204798
    0.522609516    3.561909105   23.727501777
    0.526125554    3.621613623   10.359555910
    0.529641592    3.637006855    1.358173794
    0.533157631    3.646195249    5.926254030
    0.536673669    3.686668161   16.855886390
    0.540189707    3.764774844   24.285872879
    0.543705745    3.863060973   30.529806191
    0.547221783    3.984609952   40.124523937
    0.550737822    4.149879704   54.493424490
    0.554253860    4.359415091   62.584731656
    0.557769898    4.567501782   52.705642086
    0.561285936    4.715169663   28.987263949
    0.564801975    4.773846181    4.970289255
    0.568318013    4.773967733   -0.230103180
    0.571834051    4.793695702   12.966577826
    0.575350089    4.868651942   28.415628429
    0.578866127    4.976245697   29.670277288
    0.582382166    5.058669074   13.608666423
    0.585898204    5.061628193  -11.525394567
    0.589414242    4.980134252  -34.405291999
    0.592930280    4.834997108  -45.941894583
    0.596446318    4.681870404  -37.193004893
    0.599962357    4.605553676   -0.722173667
    0.603478395    4.705919882   59.938014659
    0.606994433    5.035673447  127.303116330
    0.610510471    5.575755081  174.142401537
    0.614026510    6.213030902  184.030473214
    0.617542548    6.827835251  164.396930889
    0.621058586    7.371318966  145.740855598
    0.624574624    7.883076576  148.974853857
    0.628090662    8.447500748  176.004715276
    0.631606701    9.135754290  216.175631675
    0.635122739    9.959411206  253.009386051
    0.638638777   10.924975464  296.847879377
    0.642154815   12.046943095  341.903425557
    0.645670854   13.327800388  385.563890432
    0.649186892   14.735872249  411.751524471
    0.652702930   16.198564825  415.289226328
    0.656218968   17.637607115  403.492904942
    0.659735006   19.046188371  402.464155145
    0.663251045   20.515255980  440.158273307
    0.666767083   22.189812739  516.225378210
    0.670283121   24.147352830  594.892328774
    0.673799159   26.330918761  637.159958649
    0.677315197   28.557086789  619.259840732
    0.680831236   30.629580991  553.569022333
    0.684347274   32.435672675  477.358710055
    0.687863312   34.013619134  427.273506921
    0.691379350   35.481465938  412.208318224
    0.694895389   36.923434512  406.776105023
    0.698411427   38.317660473  381.691455769
    0.701927465   39.568560273  324.148694482
    0.705443503   40.565988414  241.410221269
    0.708959541   41.266896418  158.265351025
    0.712475580   41.695315478   89.815616643
    0.715991618   41.926281897   44.738255459
    0.719507656   42.034888517   19.726017022
    0.723023694   42.080091542    7.604473427
    0.726539732   42.093221497    1.460374057
    0.730055771   42.094585484   -0.000000000
    0.733571809   42.094585484   -0.000000000
    0.737087847   42.094585484   -0.000000000
    0.740603885   42.094585484   -0.000000000
    0.744119924   42.094585484   -0.000000000
    0.747635962   42.094585484   -0.000000000
    0.751152000   42.094585484   -0.000000000
