#! FIELDS dist file.free der_dist
#! SET min_dist 0.199134
#! SET max_dist 0.751152
#! SET nbins_dist  158
#! SET periodic_dist false
    0.199134000   39.744216454   -0.000000000
    0.202650038   39.744216454   -0.000000000
    0.206166076   39.744216454   -0.000000000
    0.209682115   39.741942937   -2.177842303
    0.213198153   39.726374084   -7.813168458
    0.216714191   39.672503404  -25.265345064
    0.220230229   39.520006486  -67.659055880
    0.223746268   39.152578052 -149.544953105
    0.227262306   38.396428178 -292.823426216
    0.230778344   37.006043717 -511.326312064
    0.234294382   34.720822030 -797.805471673
    0.237810420   31.356266855 -1117.354858746
    0.241326459   26.910191405 -1398.447244040
    0.244842497   21.651755190 -1567.306959927
    0.248358535   16.091717827 -1564.292524227
    0.251874573   10.861441864 -1384.288105328
    0.255390611    6.506665002 -1081.459132950
    0.258906650    3.311503835 -735.364763615
    0.262422688    1.299684652 -419.261473920
    0.265938726    0.282292883 -172.519121815
    0.269454764    0.000000000    0.515826405
    0.272970803    0.217613054  113.182138555
    0.276486841    0.735297291  173.248541035
    0.280002879    1.381211341  187.428462301
    0.283518917    2.022136044  174.265029180
    0.287034955    2.595190429  151.441016942
    0.290550994    3.104530874  142.408321751
    0.294067032    3.630185233  160.423722941
    0.297583070    4.249190570  192.551374232
    0.301099108    4.991186930  227.734089252
    0.304615146    5.830187066  246.202829049
    0.308131185    6.691392904  238.967389692
    0.311647223    7.492046985  216.435611807
    0.315163261    8.207489453  193.006419213
    0.318679299    8.869670302  187.557318490
    0.322195338    9.541737030  195.876956796
    0.325711376   10.241657491  199.756157663
    0.329227414   10.921014773  185.506530983
    0.332743452   11.525776757  155.336101223
    0.336259490   12.026176937  132.190603870
    0.339775529   12.492145147  138.887027691
    0.343291567   13.031326976  171.453319439
    0.346807605   13.692954302  202.044421670
    0.350323643   14.413971608  200.245933678
    0.353839682   15.047505068  152.545136264
    0.357355720   15.445712984   68.739635368
    0.360871758   15.530278419  -20.482558351
    0.364387796   15.330939083  -88.131173013
    0.367903834   14.962249673 -113.144208357
    0.371419873   14.585706214  -94.050323965
    0.374935911   14.334211882  -46.790230151
    0.378451949   14.247510069   -6.228880141
    0.381967987   14.257156285    4.193691109
    0.385484025   14.227180245  -26.303206114
    0.389000064   14.051836795  -74.304590455
    0.392516102   13.711812193 -114.464850849
    0.396032140   13.274720693 -129.010728849
    0.399548178   12.836640584 -118.021939597
    0.403064217   12.458270200  -98.119473548
    0.406580255   12.140318354  -85.511824901
    0.410096293   11.833516638  -91.316911238
    0.413612331   11.471525256 -116.396308359
    0.417128369   11.003846524 -149.830171849
    0.420644408   10.429404439 -174.080851001
    0.424160446    9.814095608 -171.775633596
    0.427676484    9.258248385 -140.069064386
    0.431192522    8.841461647  -97.854773919
    0.434708561    8.558657378  -67.070484230
    0.438224599    8.337901232  -64.184682297
    0.441740637    8.077501126  -85.664736664
    0.445256675    7.730466679 -109.904653121
    0.448772713    7.327772557 -115.053209311
    0.452288752    6.953304520  -95.438660842
    0.455804790    6.672211542  -61.370340140
    0.459320828    6.522133235  -25.971166747
    0.462836866    6.479759959   -0.050784122
    0.466352904    6.493128707    4.766606557
    0.469868943    6.493069831   -9.748699864
    0.473384981    6.403204922  -44.172400469
    0.476901019    6.164099444  -91.329919078
    0.480417057    5.764457947 -129.399783083
    0.483933096    5.295395623 -129.508544679
    0.487449134    4.901031320  -88.450341223
    0.490965172    4.692194980  -29.705061318
    0.494481210    4.670195055   10.480948947
    0.497997248    4.711543495    7.232040833
    0.501513287    4.680482242  -27.994065604
    0.505029325    4.513850406  -63.702885589
    0.508545363    4.269914493  -68.148784630
    0.512061401    4.076399388  -37.890496898
    0.515577439    4.014893760    1.442424454
    0.519093478    4.063917153   21.911340162
    0.522609516    4.136298913   15.233056634
    0.526125554    4.151334991   -4.915192369
    0.529641592    4.116126118  -10.756576081
    0.533157631    4.099412797    3.719476581
    0.536673669    4.151621214   25.328237845
    0.540189707    4.271832285   38.631089702
    0.543705745    4.420355376   43.807969873
    0.547221783    4.578895048   47.249053515
    0.550737822    4.753996016   52.940236359
    0.554253860    4.943793649   53.245062740
    0.557769898    5.108315716   37.858359155
    0.561285936    5.199000172   12.049785940
    0.564801975    5.199400844  -10.731759371
    0.568318013    5.149802189  -12.637721360
    0.571834051    5.131223400    3.246823607
    0.575350089    5.172783882   18.446496717
    0.578866127    5.240457058   16.938900047
    0.582382166    5.271882629   -2.224612643
    0.585898204    5.218811448  -27.010545950
    0.589414242    5.089519441  -45.477135830
    0.592930280    4.918042152  -49.597604281
    0.596446318    4.764865164  -33.902034835
    0.599962357    4.709441156    7.263578970
    0.603478395    4.842017104   70.009495908
    0.606994433    5.211176858  139.607401418
    0.610510471    5.798617336  188.822045220
    0.614026510    6.491022566  200.493906650
    0.617542548    7.164034490  180.195948165
    0.621058586    7.754420235  155.830513934
    0.624574624    8.284965327  148.932845119
    0.628090662    8.826468368  162.966865898
    0.631606701    9.446965733  191.150296982
    0.635122739   10.170775216  222.753338757
    0.638638777   11.035490862  271.837659866
    0.642154815   12.104301701  337.893091688
    0.645670854   13.423472442  413.239236454
    0.649186892   14.993247049  476.269460037
    0.652702930   16.743714489  513.186884373
    0.656218968   18.574019813  525.189443017
    0.659735006   20.428509443  531.520766652
    0.663251045   22.337062870  557.850803383
    0.666767083   24.373720494  600.790312710
    0.670283121   26.539090751  625.271158901
    0.673799159   28.710486492  598.422658666
    0.677315197   30.674778388  509.972069618
    0.680831236   32.256681280  387.322278684
    0.684347274   33.413119487  278.716912020
    0.687863312   34.275483234  223.061730749
    0.691379350   35.049455788  224.830034327
    0.694895389   35.885243553  251.024209536
    0.698411427   36.797252552  263.694102016
    0.701927465   37.699164263  242.893573530
    0.705443503   38.467828137  191.354166749
    0.708959541   39.034225700  130.397803574
    0.712475580   39.394221611   76.706087181
    0.715991618   39.593422809   39.390283439
    0.719507656   39.689588641   17.591930768
    0.723023694   39.730104263    6.861416608
    0.726539732   39.742852468    1.460374057
    0.730055771   39.744216454   -0.000000000
    0.733571809   39.744216454   -0.000000000
    0.737087847   39.744216454   -0.000000000
    0.740603885   39.744216454   -0.000000000
    0.744119924   39.744216454   -0.000000000
    0.747635962   39.744216454   -0.000000000
    0.751152000   39.744216454   -0.000000000
