#! FIELDS dist file.free der_dist
#! SET min_dist 0.199134
#! SET max_dist 0.751152
#! SET nbins_dist  158
#! SET periodic_dist false
    0.199134000   52.811766238   -0.417620903
    0.202650038   52.809098382   -1.225508894
    0.206166076   52.798480342   -5.695149968
    0.209682115   52.759305288  -18.925824929
    0.213198153   52.643391207  -50.838791819
    0.216714191   52.359073097 -118.025992135
    0.220230229   51.745015248 -243.663387001
    0.223746268   50.557461459 -446.142480767
    0.227262306   48.502617501 -737.574080586
    0.230778344   45.286346501 -1101.209516205
    0.234294382   40.737475536 -1483.140584464
    0.237810420   34.928574737 -1803.721327673
    0.241326459   28.235364118 -1972.040387169
    0.244842497   21.298709777 -1937.455491440
    0.248358535   14.849988402 -1700.787743855
    0.251874573    9.500952802 -1327.640378101
    0.255390611    5.555557930 -922.273536579
    0.258906650    2.954295510 -571.874869876
    0.262422688    1.414588933 -322.472007635
    0.265938726    0.572783112 -170.150509255
    0.269454764    0.147520966  -78.300640536
    0.272970803    0.000000000   -7.922931468
    0.276486841    0.084095593   54.916687121
    0.280002879    0.374371702  108.430897338
    0.283518917    0.833816507  151.067482685
    0.287034955    1.418218422  178.531768548
    0.290550994    2.078556501  196.708925160
    0.294067032    2.802745137  214.461486955
    0.297583070    3.579908716  226.823453089
    0.301099108    4.400385884  238.884051441
    0.304615146    5.249406731  242.970971201
    0.308131185    6.093115423  234.716563380
    0.311647223    6.891292408  219.976414154
    0.315163261    7.632988540  203.497527195
    0.318679299    8.333328408  197.314863047
    0.322195338    9.023836513  195.373713624
    0.325711376    9.695959315  184.942100475
    0.329227414   10.298730127  157.664889153
    0.332743452   10.788306916  118.242675658
    0.336259490   11.139428790   84.466746756
    0.339775529   11.417296561   78.986085486
    0.343291567   11.724697907   99.986520192
    0.346807605   12.124607383  126.592813487
    0.350323643   12.594124906  135.183253999
    0.353839682   13.038216015  111.612233755
    0.357355720   13.342695027   56.503595982
    0.360871758   13.425573101  -10.478913477
    0.364387796   13.283264481  -67.875542593
    0.367903834   12.985557169  -95.263358131
    0.371419873   12.653625368  -88.180710468
    0.374935911   12.391846609  -58.843903633
    0.378451949   12.231098241  -34.934344246
    0.381967987   12.123863049  -31.684866978
    0.385484025   11.974522888  -56.030341152
    0.389000064   11.725844333  -85.169519942
    0.392516102   11.386007772 -103.716202762
    0.396032140   11.016149373 -103.149669229
    0.399548178   10.675892858  -90.351901301
    0.403064217   10.381019984  -79.685334586
    0.406580255   10.104836259  -79.898397897
    0.410096293    9.801386698  -94.189559873
    0.413612331    9.427574163 -118.862624620
    0.417128369    8.963102937 -144.743754439
    0.420644408    8.423651713 -159.411010705
    0.424160446    7.873983112 -149.922460254
    0.427676484    7.398929307 -116.983075085
    0.431192522    7.060204916  -76.606559050
    0.434708561    6.845796798  -49.350044050
    0.438224599    6.679916382  -51.651797806
    0.441740637    6.452432134  -80.430777047
    0.445256675    6.106288772 -115.054135389
    0.448772713    5.667536414 -130.079183629
    0.452288752    5.229316981 -116.112368417
    0.455804790    4.875191390  -81.475168326
    0.459320828    4.660242858  -42.568757492
    0.462836866    4.566123295  -12.379847171
    0.466352904    4.548484307    0.156472016
    0.469868943    4.554068084   -0.352286978
    0.473384981    4.533690536  -13.066322898
    0.476901019    4.446115267  -37.130232376
    0.480417057    4.265142514  -61.477748210
    0.483933096    4.032968354  -65.443602952
    0.487449134    3.833329746  -44.093823420
    0.490965172    3.734353475  -11.441270217
    0.494481210    3.738232283    8.627058388
    0.497997248    3.754614482   -3.218396916
    0.501513287    3.688554889  -36.611169743
    0.505029325    3.498769548  -68.326386794
    0.508545363    3.242883164  -70.808409220
    0.512061401    3.040255509  -40.580706576
    0.515577439    2.972101789    0.809378377
    0.519093478    3.029242355   27.599359764
    0.522609516    3.134174203   27.471638591
    0.526125554    3.195047512    7.274576895
    0.529641592    3.188397741   -8.224479796
    0.533157631    3.153761108   -9.051744334
    0.536673669    3.135183092   -1.174560451
    0.540189707    3.151543041    8.147190743
    0.543705745    3.201546373   19.613159949
    0.547221783    3.294537019   34.737591404
    0.550737822    3.447886152   52.893036752
    0.554253860    3.655622617   63.129444948
    0.557769898    3.869071719   55.326029891
    0.561285936    4.032878671   35.884306088
    0.564801975    4.126216494   18.193464094
    0.568318013    4.186506982   20.677467442
    0.571834051    4.292870380   40.993974983
    0.575350089    4.478194558   62.978228529
    0.578866127    4.718411143   70.822963298
    0.582382166    4.958050096   61.389828066
    0.585898204    5.135413885   38.728003333
    0.589414242    5.223596238   10.192957916
    0.592930280    5.209166209  -18.139400143
    0.596446318    5.111154393  -34.036489565
    0.599962357    5.003787169  -20.964737239
    0.603478395    5.003722185   25.040574253
    0.606994433    5.200529721   88.801515956
    0.610510471    5.612885886  140.745213040
    0.614026510    6.145399117  157.621155489
    0.617542548    6.677343361  143.049646465
    0.621058586    7.148653515  125.501094402
    0.624574624    7.590188302  129.186005007
    0.628090662    8.085330543  156.918312673
    0.631606701    8.706956734  197.789868377
    0.635122739    9.469055965  237.274670071
    0.638638777   10.390383249  288.579477288
    0.642154815   11.504616291  345.788230077
    0.645670854   12.830205268  407.459228147
    0.649186892   14.350416743  453.638700157
    0.652702930   15.990597982  472.319620866
    0.656218968   17.634539928  461.126313087
    0.659735006   19.229823366  448.899314598
    0.663251045   20.826494578  464.814784015
    0.666767083   22.544945837  517.968014317
    0.670283121   24.483479276  584.795453173
    0.673799159   26.636538892  633.546209995
    0.677315197   28.893774808  644.532046970
    0.680831236   31.140235737  631.239080142
    0.684347274   33.346403772  630.466907669
    0.687863312   35.619580191  670.685127217
    0.691379350   38.101520020  743.256045747
    0.694895389   40.830468283  801.640882986
    0.698411427   43.664158885  797.849686147
    0.701927465   46.344670287  713.912971875
    0.705443503   48.609494110  568.129801182
    0.708959541   50.318255938  403.820920062
    0.712475580   51.466296715  254.721628983
    0.715991618   52.155949078  143.914472052
    0.719507656   52.528232173   73.643146147
    0.723023694   52.709015241   33.353492524
    0.726539732   52.779417746   11.059555486
    0.730055771   52.803036119    3.800423457
    0.733571809   52.811197441    0.773776116
    0.737087847   52.811766338   -0.000000000
    0.740603885   52.811766338   -0.000000000
    0.744119924   52.811766338   -0.000000000
    0.747635962   52.811766338   -0.000000000
    0.751152000   52.811766338   -0.000000000
