#! FIELDS dist file.free der_dist
#! SET min_dist 0.199134
#! SET max_dist 0.751152
#! SET nbins_dist  158
#! SET periodic_dist false
    0.199134000   52.931379825   -0.417620903
    0.202650038   52.928711970   -1.225508894
    0.206166076   52.918093930   -5.695149968
    0.209682115   52.878918876  -18.925824929
    0.213198153   52.763004794  -50.838791819
    0.216714191   52.478685125 -118.059141414
    0.220230229   51.864415735 -243.760488072
    0.223746268   50.676181143 -446.446710879
    0.227262306   48.619649669 -738.273157491
    0.230778344   45.399759858 -1102.634519444
    0.234294382   40.844061051 -1485.662193700
    0.237810420   35.023989750 -1807.570765219
    0.241326459   28.314917013 -1977.144636930
    0.244842497   21.358856664 -1943.256505084
    0.248358535   14.889833179 -1706.381075583
    0.251874573    9.522857983 -1332.126389654
    0.255390611    5.564443844 -925.156155055
    0.258906650    2.955687174 -573.284821287
    0.262422688    1.413025311 -322.833367040
    0.265938726    0.570974850 -170.010060694
    0.269454764    0.146540772  -78.014169490
    0.272970803    0.000000000   -7.668990391
    0.276486841    0.084845727   55.090260987
    0.280002879    0.375669340  108.591820816
    0.283518917    0.835958382  151.411342884
    0.287034955    1.422414490  179.421560756
    0.290550994    2.087310553  198.482164616
    0.294067032    2.819490428  217.228895939
    0.297583070    3.607750912  230.277100528
    0.301099108    4.440510845  242.267797113
    0.304615146    5.300195922  245.533603230
    0.308131185    6.150731687  235.997013052
    0.311647223    6.951019479  219.932196353
    0.315163261    7.690747638  202.464338213
    0.318679299    8.386239555  195.586619627
    0.322195338    9.069573109  192.987947988
    0.325711376    9.731707915  181.579180699
    0.329227414   10.320284220  152.892610693
    0.332743452   10.790430885  111.975468372
    0.336259490   11.117309277   77.054702820
    0.339775529   11.368468040   71.410075788
    0.343291567   11.650977327   93.660664447
    0.346807605   12.033005603  122.937895893
    0.350323643   12.495857303  135.125106076
    0.353839682   12.946137814  115.060495421
    0.357355720   13.267476438   62.437901684
    0.360871758   13.373353434   -3.610935302
    0.364387796   13.254443543  -61.711567604
    0.367903834   12.975211272  -91.093911346
    0.371419873   12.653278219  -86.726484033
    0.374935911   12.391743911  -60.196021516
    0.378451949   12.221908974  -38.676820143
    0.381967987   12.097959991  -37.414419410
    0.385484025   11.925143402  -63.740007360
    0.389000064   11.645288284  -95.299497326
    0.392516102   11.265295274 -116.395477177
    0.396032140   10.847474029 -117.471156346
    0.399548178   10.457506598 -103.800382665
    0.403064217   10.122071470  -88.714031407
    0.406580255    9.826336194  -81.659378601
    0.410096293    9.530911602  -87.986203582
    0.413612331    9.190280208 -106.735877128
    0.417128369    8.773232024 -130.653314056
    0.420644408    8.280930583 -147.253731975
    0.424160446    7.766573257 -142.213370727
    0.427676484    7.309852012 -114.123366141
    0.431192522    6.974542357  -77.221124481
    0.434708561    6.754586716  -51.578393011
    0.438224599    6.580215946  -54.057230237
    0.441740637    6.344924214  -82.460649599
    0.445256675    5.991983380 -117.012380521
    0.448772713    5.546173767 -132.112966445
    0.452288752    5.101257722 -117.779391585
    0.455804790    4.743261340  -81.860036055
    0.459320828    4.530343013  -40.968242992
    0.462836866    4.445027437   -9.150333591
    0.466352904    4.439677515    3.625054085
    0.469868943    4.455381401    1.688001723
    0.473384981    4.438044164  -13.400909513
    0.476901019    4.345470569  -39.502951602
    0.480417057    4.154059809  -64.835726952
    0.483933096    3.909982027  -68.730200709
    0.487449134    3.699680609  -46.848979854
    0.490965172    3.592105167  -13.541125505
    0.494481210    3.589952122    7.353677163
    0.497997248    3.603949401   -3.179812244
    0.501513287    3.541273386  -34.665637394
    0.505029325    3.361863095  -64.406386533
    0.508545363    3.122414715  -65.545094218
    0.512061401    2.938918836  -35.182070901
    0.515577439    2.888219112    5.168203990
    0.519093478    2.958128321   30.507288891
    0.522609516    3.071218152   29.310062015
    0.526125554    3.138031029    8.967411577
    0.529641592    3.138141077   -5.994642432
    0.533157631    3.112281381   -6.370551014
    0.536673669    3.102778628    1.150038136
    0.540189707    3.125151353    9.101885966
    0.543705745    3.175290526   18.754198139
    0.547221783    3.262460063   32.380068337
    0.550737822    3.405704456   49.605252454
    0.554253860    3.601070043   59.413914802
    0.557769898    3.800826532   51.182168200
    0.561285936    3.948892650   31.008839056
    0.564801975    4.023317059   12.271672179
    0.568318013    4.061227313   13.956087254
    0.571834051    4.143482598   34.155148226
    0.575350089    4.305970867   57.042308486
    0.578866127    4.528745445   67.033760110
    0.582382166    4.760663524   60.967825366
    0.585898204    4.943748155   42.462068549
    0.589414242    5.052133190   17.806771444
    0.592930280    5.069344796   -8.106461271
    0.596446318    5.007739299  -23.748811581
    0.599962357    4.933805675  -12.537959706
    0.603478395    4.957848495   30.185967525
    0.606994433    5.166431198   90.385486230
    0.610510471    5.578794124  139.278672487
    0.614026510    6.102405472  154.207685904
    0.617542548    6.620447189  138.723796279
    0.621058586    7.076323911  121.163757593
    0.624574624    7.503544034  125.451959054
    0.628090662    7.986373654  153.661997413
    0.631606701    8.597348135  194.932791840
    0.635122739    9.349245125  234.256327804
    0.638638777   10.258965506  284.790581195
    0.642154815   11.357362564  340.404305299
    0.645670854   12.659693725  399.474122490
    0.649186892   14.146241269  442.414065153
    0.652702930   15.741781809  458.348020327
    0.656218968   17.334475886  446.415857231
    0.659735006   18.881508716  436.815159034
    0.663251045   20.446070334  459.208567138
    0.666767083   22.160717830  521.728371151
    0.670283121   24.130273379  598.566363559
    0.673799159   26.346703736  655.279535458
    0.677315197   28.688749925  670.261167238
    0.680831236   31.025799645  656.302411104
    0.684347274   33.313500408  651.330513259
    0.687863312   35.649880429  685.677581349
    0.691379350   38.174459667  752.675029056
    0.694895389   40.928596924  806.814419013
    0.698411427   43.775115942  800.265471634
    0.701927465   46.461411449  714.944949077
    0.705443503   48.728427144  568.465006904
    0.708959541   50.437869526  403.820920062
    0.712475580   51.585910302  254.721628983
    0.715991618   52.275562666  143.914472052
    0.719507656   52.647845761   73.643146147
    0.723023694   52.828628828   33.353492524
    0.726539732   52.899031334   11.059555486
    0.730055771   52.922649707    3.800423457
    0.733571809   52.930811028    0.773776116
    0.737087847   52.931379926   -0.000000000
    0.740603885   52.931379926   -0.000000000
    0.744119924   52.931379926   -0.000000000
    0.747635962   52.931379926   -0.000000000
    0.751152000   52.931379926   -0.000000000
