#! FIELDS dist file.free der_dist
#! SET min_dist 0.199134
#! SET max_dist 0.751152
#! SET nbins_dist  158
#! SET periodic_dist false
    0.199134000   43.023426740   -0.000000000
    0.202650038   43.023426740   -0.000000000
    0.206166076   43.021448243   -1.406322976
    0.209682115   43.009583394   -6.626159495
    0.213198153   42.965144848  -20.653602612
    0.216714191   42.839861258  -54.627974188
    0.220230229   42.536897270 -126.318115217
    0.223746268   41.890500861 -251.949440910
    0.227262306   40.679992595 -449.945362708
    0.230778344   38.639582703 -722.501301805
    0.234294382   35.540417830 -1045.093109776
    0.237810420   31.291754886 -1366.072625529
    0.241326459   26.031011725 -1606.365568854
    0.244842497   20.167810991 -1698.819803999
    0.248358535   14.307503809 -1602.756966055
    0.251874573    9.099576438 -1336.164325122
    0.255390611    5.028955709 -973.358753112
    0.258906650    2.267917397 -602.755785401
    0.262422688    0.713456518 -296.988239475
    0.265938726    0.067394453  -86.925167324
    0.269454764    0.000000000   36.166529411
    0.272970803    0.255154348  100.077410843
    0.276486841    0.658629614  124.406613033
    0.280002879    1.101980708  124.865574537
    0.283518917    1.530766024  119.627179976
    0.287034955    1.949358032  119.952891708
    0.290550994    2.396387066  138.106729220
    0.294067032    2.947139907  177.447060664
    0.297583070    3.649696152  221.673227507
    0.301099108    4.505873388  262.925808103
    0.304615146    5.474585693  284.584434540
    0.308131185    6.472952007  278.323721530
    0.311647223    7.407098154  251.704637599
    0.315163261    8.227691218  216.223782274
    0.318679299    8.940821452  192.632735729
    0.322195338    9.596952131  182.139836006
    0.325711376   10.222035454  172.826739333
    0.329227414   10.796886073  154.524190418
    0.332743452   11.294999128  126.398385857
    0.336259490   11.698579918  105.752529277
    0.339775529   12.072228775  111.834955448
    0.343291567   12.509724207  140.053985586
    0.346807605   13.051456446  165.407613787
    0.350323643   13.638466680  161.156927544
    0.353839682   14.136904596  115.478410851
    0.357355720   14.411587062   35.932179447
    0.360871758   14.387255332  -49.536181678
    0.364387796   14.090728271 -114.341690863
    0.367903834   13.636123384 -135.866059795
    0.371419873   13.189783670 -110.939927425
    0.374935911   12.889970816  -57.339334090
    0.378451949   12.773374059  -12.886698235
    0.381967987   12.761699883   -2.138271217
    0.385484025   12.706138958  -34.602152582
    0.389000064   12.500613136  -82.911305384
    0.392516102   12.133903282 -120.728150050
    0.396032140   11.680477845 -131.908690613
    0.399548178   11.233569561 -120.959399539
    0.403064217   10.837058665 -106.120521716
    0.406580255   10.480710496  -98.923622632
    0.410096293   10.124268255 -104.992283804
    0.413612331    9.727320414 -121.373194924
    0.417128369    9.267253823 -140.257281353
    0.420644408    8.750737317 -151.610949190
    0.424160446    8.228978639 -142.470875435
    0.427676484    7.777699372 -110.683513785
    0.431192522    7.459853138  -70.692952543
    0.434708561    7.270193109  -40.762965951
    0.438224599    7.142896878  -37.711523400
    0.441740637    6.976220462  -59.311000316
    0.445256675    6.719437040  -85.152115873
    0.448772713    6.399906750  -92.577086610
    0.452288752    6.100002991  -75.924448869
    0.455804790    5.880402509  -46.393872255
    0.459320828    5.769003093  -19.667904192
    0.462836866    5.727607554   -6.047967718
    0.466352904    5.699866452  -11.763145000
    0.469868943    5.633168041  -29.499488595
    0.473384981    5.484175768  -56.379014866
    0.476901019    5.231097986  -85.754691389
    0.480417057    4.891399322 -100.321251182
    0.483933096    4.565785592  -77.456951924
    0.487449134    4.387449116  -19.354721137
    0.490965172    4.434278283   44.454427986
    0.494481210    4.661376808   75.478461093
    0.497997248    4.894995775   49.871492563
    0.501513287    4.963311872  -14.665447687
    0.505029325    4.793186096  -77.802353507
    0.508545363    4.466396693  -99.030066402
    0.512061401    4.156742764  -70.542380640
    0.515577439    3.998618332  -19.033122878
    0.519093478    4.008607679   20.411660405
    0.522609516    4.106773308   30.249479946
    0.526125554    4.189946886   16.790119079
    0.529641592    4.224427759    5.473292449
    0.533157631    4.242061733    6.500060472
    0.536673669    4.278980399   14.503920846
    0.540189707    4.346103544   20.804121999
    0.543705745    4.433426198   28.085271039
    0.547221783    4.550419361   40.127728703
    0.550737822    4.720596289   57.223094734
    0.554253860    4.944018474   67.604387412
    0.557769898    5.172632883   59.232687451
    0.561285936    5.345229708   36.584452662
    0.564801975    5.432632824   13.747831796
    0.568318013    5.465796029    9.760658410
    0.571834051    5.521860095   23.430715493
    0.575350089    5.631682828   37.366447011
    0.578866127    5.764173048   34.446486642
    0.582382166    5.853103746   12.317126808
    0.585898204    5.840192195  -19.089713916
    0.589414242    5.723996308  -46.051439553
    0.592930280    5.536361240  -57.784263937
    0.596446318    5.347536068  -45.044502784
    0.599962357    5.254980291   -1.822402165
    0.603478395    5.364004620   65.878731286
    0.606994433    5.724504527  138.463759688
    0.610510471    6.308369796  187.221314751
    0.614026510    6.989751443  195.473549178
    0.617542548    7.637483760  171.293992389
    0.621058586    8.194652453  146.491978387
    0.624574624    8.698044455  143.613013127
    0.628090662    9.235119017  166.215897208
    0.631606701    9.885387011  204.897902396
    0.635122739   10.672009992  243.798146070
    0.638638777   11.613379062  292.707889961
    0.642154815   12.732261879  344.375710743
    0.645670854   14.032947856  394.141010827
    0.649186892   15.479004402  424.315146896
    0.652702930   16.988545999  428.880474151
    0.656218968   18.473255674  415.529186737
    0.659735006   19.919117373  411.504389922
    0.663251045   21.414265496  446.006880307
    0.666767083   23.104628877  519.510079545
    0.670283121   25.070516525  596.500750976
    0.673799159   27.257791371  637.815971457
    0.677315197   29.485454305  619.509214315
    0.680831236   31.558422247  553.569022333
    0.684347274   33.364513932  477.358710055
    0.687863312   34.942460390  427.273506921
    0.691379350   36.410307195  412.208318224
    0.694895389   37.852275768  406.776105023
    0.698411427   39.246501729  381.691455769
    0.701927465   40.497401529  324.148694482
    0.705443503   41.494829670  241.410221269
    0.708959541   42.195737675  158.265351025
    0.712475580   42.624156734   89.815616643
    0.715991618   42.855123153   44.738255459
    0.719507656   42.963729773   19.726017022
    0.723023694   43.008932798    7.604473427
    0.726539732   43.022062753    1.460374057
    0.730055771   43.023426740   -0.000000000
    0.733571809   43.023426740   -0.000000000
    0.737087847   43.023426740   -0.000000000
    0.740603885   43.023426740   -0.000000000
    0.744119924   43.023426740   -0.000000000
    0.747635962   43.023426740   -0.000000000
    0.751152000   43.023426740   -0.000000000
