#! FIELDS dist file.free der_dist
#! SET min_dist 0.199134
#! SET max_dist 0.751152
#! SET nbins_dist  158
#! SET periodic_dist false
    0.199134000   30.714198331   -0.000000000
    0.202650038   30.714198331   -0.000000000
    0.206166076   30.714198331   -0.000000000
    0.209682115   30.714198331   -0.000000000
    0.213198153   30.714198331   -0.000000000
    0.216714191   30.713743659   -1.005864820
    0.220230229   30.697437560   -9.992238715
    0.223746268   30.629688771  -31.353710076
    0.227262306   30.446206775  -79.758265766
    0.230778344   30.016076684 -174.973135538
    0.234294382   29.141865299 -333.965433457
    0.237810420   27.583770364 -563.422714180
    0.241326459   25.131019338 -834.555220835
    0.244842497   21.725612409 -1093.594030078
    0.248358535   17.544189749 -1264.127210301
    0.251874573   13.007670521 -1289.428790987
    0.255390611    8.661869957 -1161.106629908
    0.258906650    4.986254386 -914.438008745
    0.262422688    2.295781076 -612.986440181
    0.265938726    0.668061397 -318.193879803
    0.269454764    0.000000000  -72.448041995
    0.272970803    0.077857361  103.246876263
    0.276486841    0.630570493  197.722876599
    0.280002879    1.383041429  219.657845461
    0.283518917    2.119323370  194.215835751
    0.287034955    2.736525620  157.348548903
    0.290550994    3.252165031  143.223414623
    0.294067032    3.794873361  171.988706960
    0.297583070    4.495971208  229.151872815
    0.301099108    5.414157044  290.281341717
    0.304615146    6.498176834  319.175921290
    0.308131185    7.593321180  294.274577613
    0.311647223    8.518681460  228.791589372
    0.315163261    9.185805423  153.654941608
    0.318679299    9.639733461  112.272303503
    0.322195338   10.024258516  112.862737551
    0.325711376   10.455564404  132.614824930
    0.329227414   10.933175040  136.576600137
    0.332743452   11.376453801  109.349374036
    0.336259490   11.690841364   70.100175769
    0.339775529   11.898762498   53.732187804
    0.343291567   12.115238209   76.142526797
    0.346807605   12.459343439  121.896053153
    0.350323643   12.971163134  166.095537501
    0.353839682   13.598860886  185.559856547
    0.357355720   14.244280217  175.776230823
    0.360871758   14.812921087  143.666658380
    0.364387796   15.239993652   96.470403669
    0.367903834   15.485455410   42.981056120
    0.371419873   15.542549912   -9.568917711
    0.374935911   15.423195941  -57.400238236
    0.378451949   15.137494757 -105.449480461
    0.381967987   14.685781656 -152.088687486
    0.385484025   14.068537182 -196.274369607
    0.389000064   13.336640597 -214.868648720
    0.392516102   12.600587774 -195.677933223
    0.396032140   12.000972860 -140.423687774
    0.399548178   11.630454697  -70.956313044
    0.403064217   11.483237776  -18.624886223
    0.406580255   11.462266594    0.493060818
    0.410096293   11.445981570  -13.620618766
    0.413612331   11.344385058  -45.727810638
    0.417128369   11.118823784  -82.035729179
    0.420644408   10.779419506 -109.315714849
    0.424160446   10.368899899 -123.367887318
    0.427676484    9.928827937 -125.373936220
    0.431192522    9.487982903 -126.100989908
    0.434708561    9.036067057 -132.653514597
    0.438224599    8.550295961 -144.549489584
    0.441740637    8.026126542 -149.912065835
    0.445256675    7.520670428 -132.425358037
    0.448772713    7.130783348  -85.168310793
    0.452288752    6.940626260  -23.376744021
    0.455804790    6.950742495   26.405250585
    0.459320828    7.083803477   41.378911622
    0.462836866    7.198891683   18.660500553
    0.466352904    7.178057327  -33.013139718
    0.469868943    6.965475208  -88.030008010
    0.473384981    6.575632936 -131.045928401
    0.476901019    6.067672164 -152.631014214
    0.480417057    5.527544709 -147.056028805
    0.483933096    5.071724347 -106.678914954
    0.487449134    4.799722063  -45.952454395
    0.490965172    4.738658153    8.201687868
    0.494481210    4.813292637   25.441252940
    0.497997248    4.860443955   -3.999574503
    0.501513287    4.758312606  -54.454291969
    0.505029325    4.497856600  -87.582792835
    0.508545363    4.201719972  -71.714361097
    0.512061401    4.041178963  -15.314897934
    0.515577439    4.092810400   40.232415826
    0.519093478    4.277715340   56.032946494
    0.522609516    4.428505544   22.655469426
    0.526125554    4.406262125  -33.905698842
    0.529641592    4.211159632  -70.540015757
    0.533157631    3.957032007  -67.920018399
    0.536673669    3.768070837  -37.295236264
    0.540189707    3.703463890   -2.630246660
    0.543705745    3.745238036   22.978707919
    0.547221783    3.848392527   33.919279339
    0.550737822    3.969819335   33.662672232
    0.554253860    4.070839653   21.778566951
    0.557769898    4.109089698   -0.673809768
    0.561285936    4.071781764  -19.057081104
    0.564801975    4.000313411  -17.933801604
    0.568318013    3.985224527   14.657862533
    0.571834051    4.122166879   63.018717735
    0.575350089    4.410620055   96.126459259
    0.578866127    4.755153024   93.429465534
    0.582382166    5.031569359   59.228909589
    0.585898204    5.160139827   15.366234841
    0.589414242    5.157943877  -13.695309768
    0.592930280    5.099305582  -15.383047098
    0.596446318    5.082096945   10.046802817
    0.599962357    5.191903905   55.645560427
    0.603478395    5.480116848  107.244602080
    0.606994433    5.937190805  149.626376442
    0.610510471    6.500513193  164.998221402
    0.614026510    7.060135766  151.456967858
    0.617542548    7.545227718  125.794953637
    0.621058586    7.962050345  113.128530407
    0.624574624    8.370518431  120.892690440
    0.628090662    8.822739689  135.950789185
    0.631606701    9.320598524  145.589888140
    0.635122739    9.834718430  148.895872443
    0.638638777   10.403190375  180.729557710
    0.642154815   11.160810786  256.877400643
    0.645670854   12.252176775  368.335996253
    0.649186892   13.743123218  475.929451878
    0.652702930   15.552648259  543.393655567
    0.656218968   17.496842547  553.980963443
    0.659735006   19.401325602  525.550507084
    0.663251045   21.190587267  493.531451579
    0.666767083   22.891788434  476.276605947
    0.670283121   24.542970207  462.618040586
    0.673799159   26.126880440  433.312179360
    0.677315197   27.556151841  374.461584115
    0.680831236   28.732512044  290.871374729
    0.684347274   29.590209977  199.234179553
    0.687863312   30.144133123  119.811457532
    0.691379350   30.458703969   63.282167763
    0.694895389   30.615963339   29.299789052
    0.698411427   30.683275106   11.304876732
    0.701927465   30.708604349    4.128601174
    0.705443503   30.714198331   -0.000000000
    0.708959541   30.714198331   -0.000000000
    0.712475580   30.714198331   -0.000000000
    0.715991618   30.714198331   -0.000000000
    0.719507656   30.714198331   -0.000000000
    0.723023694   30.714198331   -0.000000000
    0.726539732   30.714198331   -0.000000000
    0.730055771   30.714198331   -0.000000000
    0.733571809   30.714198331   -0.000000000
    0.737087847   30.714198331   -0.000000000
    0.740603885   30.714198331   -0.000000000
    0.744119924   30.714198331   -0.000000000
    0.747635962   30.714198331   -0.000000000
    0.751152000   30.714198331   -0.000000000
