#! FIELDS dist file.free der_dist
#! SET min_dist 0.199134
#! SET max_dist 0.751152
#! SET nbins_dist  158
#! SET periodic_dist false
    0.199134000   41.093570126   -0.000000000
    0.202650038   41.093570126   -0.000000000
    0.206166076   41.093107831   -0.536741260
    0.209682115   41.086495681   -4.308235263
    0.213198153   41.057791464  -13.609647125
    0.216714191   40.971754889  -38.514202775
    0.220230229   40.751744833  -93.968319433
    0.223746268   40.259952360 -194.892937658
    0.227262306   39.304737170 -360.808293625
    0.230778344   37.638891772 -598.851061504
    0.234294382   35.026709739 -893.781400624
    0.237810420   31.333776341 -1205.076476036
    0.241326459   26.618577606 -1461.632794116
    0.244842497   21.195706117 -1597.023975871
    0.248358535   15.589612940 -1561.773997156
    0.251874573   10.412293324 -1358.646956508
    0.255390611    6.169759631 -1045.247720386
    0.258906650    3.104140368 -699.534639846
    0.262422688    1.205193965 -391.973776817
    0.265938726    0.260825126 -158.786093603
    0.269454764    0.000000000   -1.075525213
    0.272970803    0.187225047   97.962172898
    0.276486841    0.634140952  149.124030789
    0.280002879    1.191309958  162.511138650
    0.283518917    1.755725720  156.996482901
    0.287034955    2.289930240  147.348627446
    0.290550994    2.810559041  152.509012880
    0.294067032    3.390695808  180.124109485
    0.297583070    4.084809643  214.361933754
    0.301099108    4.897098032  245.004808730
    0.304615146    5.781939298  254.709922691
    0.308131185    6.654952055  237.470563308
    0.311647223    7.433875082  205.639005290
    0.315163261    8.096072726  173.621880084
    0.318679299    8.674816392  159.319178142
    0.322195338    9.231104997  157.986871545
    0.325711376    9.781567145  153.280310364
    0.329227414   10.289318743  135.544330543
    0.332743452   10.723980468  110.069105768
    0.336259490   11.086615070  100.334191663
    0.339775529   11.472984744  125.591360319
    0.343291567   11.997673648  175.614346988
    0.346807605   12.694751715  216.645203575
    0.350323643   13.472913236  216.690579364
    0.353839682   14.157645760  164.420371350
    0.357355720   14.584274959   72.975856083
    0.360871758   14.670223327  -23.369575618
    0.364387796   14.453065855  -94.458082043
    0.367903834   14.065592631 -116.590276180
    0.371419873   13.692538956  -87.745687045
    0.374935911   13.485753954  -27.281011297
    0.378451949   13.487772065   24.059404713
    0.381967987   13.612631965   37.619020062
    0.385484025   13.689110338   -1.092001302
    0.389000064   13.572449314  -67.607135759
    0.392516102   13.216086822 -130.791266694
    0.396032140   12.684641171 -165.120430316
    0.399548178   12.097715155 -164.812669701
    0.403064217   11.554148927 -143.155693754
    0.406580255   11.098974721 -116.851909304
    0.410096293   10.717504780 -101.747926441
    0.413612331   10.359328173 -104.240408635
    0.417128369    9.968026572 -119.741696991
    0.420644408    9.518127887 -134.896124261
    0.424160446    9.044700236 -131.546491437
    0.427676484    8.624209449 -103.651165967
    0.431192522    8.328084596  -65.157037154
    0.434708561    8.157627222  -35.391775985
    0.438224599    8.048939487  -32.470231855
    0.441740637    7.898680900  -55.611312835
    0.445256675    7.648116192  -85.812705221
    0.448772713    7.313783305 -100.769688620
    0.452288752    6.969664515  -92.621280384
    0.455804790    6.678809929  -69.592822718
    0.459320828    6.481645735  -44.450386248
    0.462836866    6.357684868  -27.900878646
    0.466352904    6.257615655  -31.520509023
    0.469868943    6.119156006  -51.549926888
    0.473384981    5.881074424  -85.481841489
    0.476901019    5.509842888 -123.612936281
    0.480417057    5.026868957 -142.866780574
    0.483933096    4.554535425 -116.978555375
    0.487449134    4.253347979  -48.608695891
    0.490965172    4.221711285   29.243034312
    0.494481210    4.418639394   73.191838651
    0.497997248    4.662219848   57.229297634
    0.501513287    4.768706653   -0.717207629
    0.505029325    4.656290075  -59.315219489
    0.508545363    4.399807003  -77.846328245
    0.512061401    4.163981135  -50.565665955
    0.515577439    4.066642993   -5.280362604
    0.519093478    4.107196238   23.635439780
    0.522609516    4.197486507   23.106961493
    0.526125554    4.245758683    5.492527897
    0.529641592    4.245952326   -1.351434450
    0.533157631    4.258012150   10.659672853
    0.536673669    4.329598810   29.460950806
    0.540189707    4.459167068   39.962729719
    0.543705745    4.608024045   42.654819778
    0.547221783    4.757740572   43.333775374
    0.550737822    4.913415698   45.620071898
    0.554253860    5.069649958   41.438295198
    0.557769898    5.185005268   21.853499449
    0.561285936    5.214947281   -5.909445034
    0.564801975    5.155385627  -25.860820376
    0.568318013    5.065909110  -19.304560058
    0.571834051    5.045280919    8.993868038
    0.575350089    5.128197094   35.793094483
    0.578866127    5.270254679   40.649590282
    0.582382166    5.386258999   20.904297017
    0.585898204    5.404118918  -10.415074356
    0.589414242    5.317812113  -37.739536105
    0.592930280    5.158206922  -50.364829177
    0.596446318    4.989487730  -41.723757221
    0.599962357    4.895888448   -6.402607924
    0.603478395    4.973211666   52.699740322
    0.606994433    5.279797010  122.298254405
    0.610510471    5.815508164  177.944537326
    0.614026510    6.489914949  201.820415484
    0.617542548    7.191732794  195.161828631
    0.621058586    7.853550145  180.320665127
    0.624574624    8.473810336  173.931484283
    0.628090662    9.091670526  180.228591767
    0.631606701    9.751356801  195.940482213
    0.635122739   10.469554190  215.080560458
    0.638638777   11.288174353  253.621677792
    0.642154815   12.272140585  308.686980595
    0.645670854   13.470483053  373.412094598
    0.649186892   14.883010219  426.974684577
    0.652702930   16.447711172  457.531518849
    0.656218968   18.077346417  467.616441314
    0.659735006   19.733152744  476.742338589
    0.663251045   21.460102666  510.070402739
    0.666767083   23.350465295  566.775314533
    0.670283121   25.435255017  615.482166045
    0.673799159   27.632623425  624.641794628
    0.677315197   29.762718547  578.305363359
    0.680831236   31.652638653  492.120787890
    0.684347274   33.217173939  402.386311069
    0.687863312   34.515088503  343.663965363
    0.691379350   35.680626086  324.746580515
    0.694895389   36.817682293  322.129484276
    0.698411427   37.930758505  307.737023575
    0.701927465   38.949491754  266.750072351
    0.705443503   39.778073158  202.735508950
    0.708959541   40.371477277  135.163550202
    0.712475580   40.740610084   78.162184910
    0.715991618   40.942776480   39.390283439
    0.719507656   41.038942312   17.591930768
    0.723023694   41.079457934    6.861416608
    0.726539732   41.092206139    1.460374057
    0.730055771   41.093570126   -0.000000000
    0.733571809   41.093570126   -0.000000000
    0.737087847   41.093570126   -0.000000000
    0.740603885   41.093570126   -0.000000000
    0.744119924   41.093570126   -0.000000000
    0.747635962   41.093570126   -0.000000000
    0.751152000   41.093570126   -0.000000000
