#! FIELDS dist file.free der_dist
#! SET min_dist 0.199134
#! SET max_dist 0.751152
#! SET nbins_dist  158
#! SET periodic_dist false
    0.199134000   39.303242609   -0.000000000
    0.202650038   39.303242609   -0.000000000
    0.206166076   39.303242609   -0.000000000
    0.209682115   39.300969091   -2.177842303
    0.213198153   39.285400238   -7.813168458
    0.216714191   39.231529558  -25.265345064
    0.220230229   39.079277918  -67.491920806
    0.223746268   38.713144504 -148.875630518
    0.227262306   37.961030651 -291.055776663
    0.230778344   36.580535002 -507.281913414
    0.234294382   34.315894979 -789.788247177
    0.237810420   30.989159642 -1103.583793805
    0.241326459   26.603404792 -1377.853947711
    0.244842497   21.428616601 -1540.654837365
    0.248358535   15.968277990 -1535.013220369
    0.251874573   10.837684594 -1357.874126881
    0.255390611    6.562281544 -1063.503944114
    0.258906650    3.409589064 -729.476559284
    0.262422688    1.396778671 -425.387552375
    0.265938726    0.341420457 -187.203259341
    0.269454764    0.000000000  -17.541598604
    0.272970803    0.155628694   96.652813878
    0.276486841    0.622412553  161.147065372
    0.280002879    1.234505954  180.187322490
    0.283518917    1.856737399  170.571915053
    0.287034955    2.420939238  149.884109885
    0.290550994    2.927281361  142.257893255
    0.294067032    3.455644816  162.298289664
    0.297583070    4.087258987  198.081547096
    0.301099108    4.856315533  237.609883196
    0.304615146    5.737234147  260.023823861
    0.308131185    6.651980004  255.266616995
    0.311647223    7.511443982  233.290220644
    0.315163261    8.285206868  209.097267877
    0.318679299    9.000686119  201.625452934
    0.322195338    9.717317966  207.008222950
    0.325711376   10.449952074  207.134669249
    0.329227414   11.147094678  188.128511573
    0.332743452   11.752021573  152.823698248
    0.336259490   12.234199104  124.353268507
    0.339775529   12.664470098  126.465564526
    0.343291567   13.154597831  156.179854429
    0.346807605   13.761326477  186.775372208
    0.350323643   14.434904081  189.449253942
    0.353839682   15.045318776  150.875718095
    0.357355720   15.458167771   78.885366908
    0.360871758   15.596971260   -0.451632199
    0.364387796   15.476954883  -64.359540719
    0.367903834   15.186235941  -94.016266383
    0.371419873   14.858045807  -86.584383744
    0.374935911   14.607555501  -53.714313427
    0.378451949   14.473790650  -25.421777396
    0.381967987   14.402084219  -21.772684165
    0.385484025   14.279223881  -52.071693388
    0.389000064   14.023099269  -93.665317027
    0.392516102   13.632175965 -123.701297501
    0.396032140   13.181222173 -127.967887222
    0.399548178   12.760031991 -110.321452142
    0.403064217   12.412798351  -89.110895218
    0.406580255   12.120717850  -80.417002916
    0.410096293   11.821925378  -91.927028912
    0.413612331   11.450098458 -120.934354985
    0.417128369   10.965108262 -154.429482838
    0.420644408   10.379987702 -175.018468208
    0.424160446    9.769610635 -168.086580790
    0.427676484    9.232679934 -133.572718218
    0.431192522    8.837412350  -92.935055963
    0.434708561    8.562433346  -68.157731538
    0.438224599    8.323764345  -73.283900920
    0.441740637    8.019552919 -100.776574968
    0.445256675    7.616219860 -125.848145530
    0.448772713    7.164419920 -126.180989509
    0.452288752    6.765332135  -97.803795702
    0.455804790    6.492132583  -54.730978728
    0.459320828    6.378127978  -12.700000997
    0.462836866    6.389273614   16.518522003
    0.466352904    6.462531151   21.967011259
    0.469868943    6.521949734    6.824819806
    0.473384981    6.488910092  -28.560789188
    0.476901019    6.302365884  -77.290577663
    0.480417057    5.946864004 -118.681903432
    0.483933096    5.506369754 -124.289692916
    0.487449134    5.118218073  -90.247495969
    0.490965172    4.891331796  -37.979505025
    0.494481210    4.831890338   -2.040585906
    0.497997248    4.826071371   -6.627058726
    0.501513287    4.747149638  -41.064967678
    0.505029325    4.538080495  -74.629812208
    0.508545363    4.260471229  -76.283332783
    0.512061401    4.043510104  -43.102447306
    0.515577439    3.968279517   -1.374496082
    0.519093478    4.009181668   19.743105320
    0.522609516    4.071613189   11.482670678
    0.526125554    4.066504229  -12.880705124
    0.529641592    3.994904103  -23.494052751
    0.533157631    3.926607297  -12.567963652
    0.536673669    3.919694967    8.587380400
    0.540189707    3.985393413   24.995690610
    0.543705745    4.095827467   36.209670199
    0.547221783    4.241323041   47.561868816
    0.550737822    4.432119502   61.491425514
    0.554253860    4.664733037   68.745453152
    0.557769898    4.891754093   57.371970509
    0.561285936    5.052677411   31.700934521
    0.564801975    5.116107290    4.880653965
    0.568318013    5.109728954   -3.936479036
    0.571834051    5.108544274    4.612071111
    0.575350089    5.144878342   14.652357777
    0.578866127    5.195228261   11.413433027
    0.582382166    5.208116248   -6.882019815
    0.585898204    5.141856427  -29.811829954
    0.589414242    5.005921364  -46.486246011
    0.592930280    4.834289640  -48.449866555
    0.596446318    4.690386497  -29.534480657
    0.599962357    4.657980050   16.057953311
    0.603478395    4.829438316   83.048184867
    0.606994433    5.248551981  154.412332384
    0.610510471    5.885620317  201.624592093
    0.614026510    6.614999122  208.399465697
    0.617542548    7.305528444  182.244263251
    0.621058586    7.893390375  152.458253339
    0.624574624    8.403151590  140.517962992
    0.628090662    8.906157013  149.442138569
    0.631606701    9.470575179  172.960330583
    0.635122739   10.123747575  201.177153364
    0.638638777   10.911388022  250.280356039
    0.642154815   11.911255624  321.061942427
    0.645670854   13.186514430  405.807744406
    0.649186892   14.751114387  480.970698930
    0.652702930   16.538959858  530.058531143
    0.656218968   18.444079035  549.974704210
    0.659735006   20.390882395  558.230245446
    0.663251045   22.389350772  581.931527173
    0.666767083   24.504725080  621.992907606
    0.670283121   26.746720686  648.771493409
    0.673799159   29.014105251  630.146038320
    0.677315197   31.105526902  549.773456314
    0.680831236   32.828750525  425.565912178
    0.684347274   34.093893924  299.603495469
    0.687863312   34.978968594  213.701479889
    0.691379350   35.662264524  183.436619217
    0.694895389   36.310282325  188.148730267
    0.698411427   36.987872490  196.055276907
    0.701927465   37.665820884  185.142574660
    0.705443503   38.259401691  150.027221563
    0.708959541   38.709894667  105.305002237
    0.712475580   39.004237745   63.615009499
    0.715991618   39.171311472   33.477680773
    0.719507656   39.253813641   15.268834334
    0.723023694   39.289258762    6.064741783
    0.726539732   39.301878622    1.460374057
    0.730055771   39.303242609   -0.000000000
    0.733571809   39.303242609   -0.000000000
    0.737087847   39.303242609   -0.000000000
    0.740603885   39.303242609   -0.000000000
    0.744119924   39.303242609   -0.000000000
    0.747635962   39.303242609   -0.000000000
    0.751152000   39.303242609   -0.000000000
