#! FIELDS dist file.free der_dist
#! SET min_dist 0.199134
#! SET max_dist 0.751152
#! SET nbins_dist  158
#! SET periodic_dist false
    0.199134000   30.576281268   -0.000000000
    0.202650038   30.576281268   -0.000000000
    0.206166076   30.576281268   -0.000000000
    0.209682115   30.576281268   -0.000000000
    0.213198153   30.576281268   -0.000000000
    0.216714191   30.575826596   -1.005864820
    0.220230229   30.559520497   -9.992238715
    0.223746268   30.491771708  -31.353710076
    0.227262306   30.308289712  -79.758265766
    0.230778344   29.878159621 -174.973135538
    0.234294382   29.004530152 -333.692300210
    0.237810420   27.448052099 -562.719702409
    0.241326459   24.999145960 -832.980606606
    0.244842497   21.601688248 -1090.539322272
    0.248358535   17.434472298 -1259.031492139
    0.251874573   12.919699517 -1282.206793129
    0.255390611    8.601954568 -1152.602084960
    0.258906650    4.955880701 -906.514596100
    0.262422688    2.288945131 -607.786105639
    0.265938726    0.672225541 -317.262041424
    0.269454764    0.000000000  -75.537139774
    0.272970803    0.062936696   98.477002829
    0.276486841    0.600726662  194.593723948
    0.280002879    1.349881568  221.338902778
    0.283518917    2.103341398  202.425731541
    0.287034955    2.760637236  171.696162793
    0.290550994    3.334184701  161.264752741
    0.294067032    3.941328055  189.898699855
    0.297583070    4.699003803  242.760526213
    0.301099108    5.653360416  296.753853358
    0.304615146    6.745739644  317.558852489
    0.308131185    7.823072186  286.359941320
    0.311647223    8.716514116  219.596023579
    0.315163261    9.358970507  149.979658607
    0.318679299    9.818832214  120.070993938
    0.322195338   10.254597108  134.048957800
    0.325711376   10.778692629  162.981932903
    0.329227414   11.365571665  166.456628497
    0.332743452   11.896198380  127.484784100
    0.336259490   12.240844429   68.414721993
    0.339775529   12.405916164   31.593480643
    0.343291567   12.517270585   40.146410626
    0.346807605   12.724370369   81.662943710
    0.350323643   13.100721095  130.441156249
    0.353839682   13.620314161  159.973280056
    0.357355720   14.195126656  161.161315739
    0.360871758   14.730862488  139.548950533
    0.364387796   15.160791155  102.194430304
    0.367903834   15.444023976   58.835620227
    0.371419873   15.575628489   16.791310975
    0.374935911   15.565452586  -22.057916978
    0.378451949   15.412930402  -66.073012898
    0.381967987   15.096752330 -115.249400546
    0.385484025   14.593061051 -169.566587075
    0.389000064   13.930729046 -202.197546037
    0.392516102   13.217609033 -194.352086943
    0.396032140   12.614645038 -141.785927131
    0.399548178   12.251852427  -63.318393045
    0.403064217   12.160675466    6.377506938
    0.406580255   12.258528697   41.979239288
    0.410096293   12.402187749   33.048241511
    0.413612331   12.447758784  -11.667151625
    0.417128369   12.297548713  -74.726795304
    0.420644408   11.929599788 -132.182301774
    0.424160446   11.398178403 -167.043654811
    0.427676484   10.793718994 -172.228574573
    0.431192522   10.208629720 -158.569432435
    0.434708561    9.686875714 -138.801583065
    0.438224599    9.231293473 -121.331072133
    0.441740637    8.836246104 -100.814531692
    0.445256675    8.537009169  -65.849118443
    0.448772713    8.396611773  -11.703312563
    0.452288752    8.460264201   45.768738940
    0.455804790    8.687780983   79.053132972
    0.459320828    8.961047840   66.948760701
    0.462836866    9.109615584   11.282015336
    0.466352904    9.004083093  -72.812528908
    0.469868943    8.609368648 -149.181863171
    0.473384981    7.994192501 -194.552478351
    0.476901019    7.288590920 -198.686940564
    0.480417057    6.637071305 -163.798702886
    0.483933096    6.172766627  -96.376160163
    0.487449134    5.964471869  -22.953969210
    0.490965172    5.981237926   27.332647159
    0.494481210    6.103504936   33.552235839
    0.497997248    6.171113452    1.940604959
    0.501513287    6.114843937  -30.669688506
    0.505029325    5.996727816  -28.438575484
    0.508545363    5.977970344   26.072209635
    0.512061401    6.211128615  106.964265253
    0.515577439    6.697161085  160.256539063
    0.519093478    7.262056876  148.423867721
    0.522609516    7.665610721   73.035322130
    0.526125554    7.746681392  -24.207571406
    0.529641592    7.530329314  -90.004672564
    0.533157631    7.180178092 -101.194822224
    0.536673669    6.865102539  -74.429976677
    0.540189707    6.671870592  -38.244598418
    0.543705745    6.593778720   -9.170492600
    0.547221783    6.594061316    8.055546167
    0.550737822    6.641574143   17.969312535
    0.554253860    6.708599364   17.964984979
    0.557769898    6.749379658    3.258160101
    0.561285936    6.725447399  -17.280549995
    0.564801975    6.638710986  -29.966070199
    0.568318013    6.548938719  -15.892757179
    0.571834051    6.551417984   18.527226211
    0.575350089    6.675862743   49.528529769
    0.578866127    6.873279644   58.009412846
    0.582382166    7.057116877   42.257681149
    0.585898204    7.158877612   15.965545709
    0.589414242    7.178922240   -3.524603741
    0.592930280    7.156268456   -6.697293204
    0.596446318    7.152157746    7.479153939
    0.599962357    7.224366843   36.440914739
    0.603478395    7.416051884   71.849985466
    0.606994433    7.726808974  102.794577010
    0.610510471    8.115721350  113.981860153
    0.614026510    8.497831138  102.387987681
    0.617542548    8.821478743   83.202424759
    0.621058586    9.102002500   78.387587199
    0.624574624    9.404633693   96.008013534
    0.628090662    9.790148866  123.502655690
    0.631606701   10.270416902  148.402182559
    0.635122739   10.824248634  168.701254223
    0.638638777   11.488465069  214.472143963
    0.642154815   12.379118818  297.537291770
    0.645670854   13.614072804  408.106976164
    0.649186892   15.233924486  508.615419060
    0.652702930   17.140408000  565.488501706
    0.656218968   19.141126461  563.601579308
    0.659735006   21.053763723  519.942111890
    0.663251045   22.790353435  468.574866775
    0.666767083   24.363995642  428.417002214
    0.670283121   25.807683284  393.218320461
    0.673799159   27.120478479  350.336306145
    0.677315197   28.252802382  290.623841963
    0.680831236   29.151059735  218.251387327
    0.684347274   29.785210335  145.145382707
    0.687863312   30.183676831   85.015750790
    0.691379350   30.404122298   43.709398238
    0.694895389   30.512049858   20.046680747
    0.698411427   30.557092100    7.308856575
    0.701927465   30.573355930    2.625567243
    0.705443503   30.576281268   -0.000000000
    0.708959541   30.576281268   -0.000000000
    0.712475580   30.576281268   -0.000000000
    0.715991618   30.576281268   -0.000000000
    0.719507656   30.576281268   -0.000000000
    0.723023694   30.576281268   -0.000000000
    0.726539732   30.576281268   -0.000000000
    0.730055771   30.576281268   -0.000000000
    0.733571809   30.576281268   -0.000000000
    0.737087847   30.576281268   -0.000000000
    0.740603885   30.576281268   -0.000000000
    0.744119924   30.576281268   -0.000000000
    0.747635962   30.576281268   -0.000000000
    0.751152000   30.576281268   -0.000000000
