#! FIELDS dist file.free der_dist
#! SET min_dist 0.199134
#! SET max_dist 0.751152
#! SET nbins_dist  158
#! SET periodic_dist false
    0.199134000   56.662165458   -0.417620903
    0.202650038   56.659497602   -1.225508894
    0.206166076   56.648630192   -6.042773819
    0.209682115   56.605752060  -21.022485729
    0.213198153   56.476541440  -56.965540307
    0.216714191   56.155470132 -133.774280361
    0.220230229   55.456999793 -277.546952150
    0.223746268   54.101766933 -509.687374749
    0.227262306   51.753938735 -842.314850404
    0.230778344   48.087564585 -1252.525704215
    0.234294382   42.933249859 -1673.728397404
    0.237810420   36.415813107 -2011.226471829
    0.241326459   29.010818574 -2163.565696495
    0.244842497   21.477017102 -2081.164542817
    0.248358535   14.636181317 -1778.876007041
    0.251874573    9.126529074 -1343.163374058
    0.255390611    5.208458355 -895.659913790
    0.258906650    2.734854433 -530.305174847
    0.262422688    1.333693194 -288.072041559
    0.265938726    0.581904566 -154.128568899
    0.269454764    0.179446725  -80.584531909
    0.272970803    0.000000000  -22.686227610
    0.276486841    0.020547883   34.461368525
    0.280002879    0.236023085   86.940693129
    0.283518917    0.624112367  132.338546621
    0.287034955    1.150994881  165.224669990
    0.290550994    1.778655943  191.894821702
    0.294067032    2.503481090  219.622364779
    0.297583070    3.313749236  239.859528365
    0.301099108    4.185966398  253.985295332
    0.304615146    5.080539078  252.673627540
    0.308131185    5.940653758  234.064348812
    0.311647223    6.720072579  210.936547483
    0.315163261    7.427153651  194.544267521
    0.318679299    8.112970538  199.668095243
    0.322195338    8.843081016  216.416558120
    0.325711376    9.624515748  225.487856181
    0.329227414   10.395347521  211.165576703
    0.332743452   11.080479949  174.112715625
    0.336259490   11.615284271  131.379982630
    0.339775529   12.029076260  108.279810740
    0.343291567   12.399903269  106.347459239
    0.346807605   12.781393229  110.093370494
    0.350323643   13.159628732  101.039888331
    0.353839682   13.466061424   69.200612907
    0.357355720   13.623232749   16.968161129
    0.360871758   13.586703281  -37.598838653
    0.364387796   13.378739701  -77.871981718
    0.367903834   13.074370325  -89.843652551
    0.371419873   12.778722819  -74.487835193
    0.374935911   12.566692087  -45.770671972
    0.378451949   12.439729486  -29.493323561
    0.381967987   12.334195142  -36.207528866
    0.385484025   12.153207192  -69.056000086
    0.389000064   11.849694852 -102.734109461
    0.392516102   11.445637147 -121.832674439
    0.396032140   11.016901697 -117.766331872
    0.399548178   10.638314122  -97.045824234
    0.403064217   10.339558537  -74.664237422
    0.406580255   10.103523881  -62.472484417
    0.410096293    9.876695556  -69.210927682
    0.413612331    9.589878341  -95.939237117
    0.417128369    9.188191822 -133.547307012
    0.420644408    8.658503160 -165.377494350
    0.424160446    8.058691834 -171.591535275
    0.427676484    7.491042923 -146.382700261
    0.431192522    7.050773850 -103.314526353
    0.434708561    6.759293795  -65.632557339
    0.438224599    6.559892033  -54.460657171
    0.441740637    6.343057602  -72.524772162
    0.445256675    6.034659539 -102.818927960
    0.448772713    5.636086720 -120.488808408
    0.452288752    5.219019210 -114.322408866
    0.455804790    4.854418966  -89.149883620
    0.459320828    4.598405772  -57.682526459
    0.462836866    4.443845090  -30.835287944
    0.466352904    4.362035980  -17.221178839
    0.469868943    4.313291430  -13.529264294
    0.473384981    4.256327728  -20.423519600
    0.476901019    4.154055953  -38.121018656
    0.480417057    3.980618179  -56.286912847
    0.483933096    3.775739619  -55.346563886
    0.487449134    3.617533087  -31.235036495
    0.490965172    3.563958867    1.154982465
    0.494481210    3.608671695   19.084022171
    0.497997248    3.657550358    4.874556010
    0.501513287    3.616791595  -30.187440439
    0.505029325    3.446583073  -63.893015009
    0.508545363    3.200240925  -70.450464564
    0.512061401    2.986415651  -47.952473668
    0.515577439    2.875605116  -16.082937509
    0.519093478    2.859528893    3.592276649
    0.522609516    2.876434901    2.611049799
    0.526125554    2.858781101  -11.589873841
    0.529641592    2.802128546  -17.584353232
    0.533157631    2.749820195  -10.362803434
    0.536673669    2.733520569    0.422063275
    0.540189707    2.751985154    6.950204219
    0.543705745    2.788008866   12.681047409
    0.547221783    2.847586711   23.225793559
    0.550737822    2.958345115   41.086570723
    0.554253860    3.131116217   55.867805240
    0.557769898    3.332423686   55.780410944
    0.561285936    3.510723125   43.341355063
    0.564801975    3.637039221   28.512486609
    0.568318013    3.730711433   28.252698330
    0.571834051    3.850872943   40.701377638
    0.575350089    4.018553072   53.423842382
    0.578866127    4.213250605   55.510790554
    0.582382166    4.399177847   47.676740840
    0.585898204    4.543149136   34.581014234
    0.589414242    4.640177197   19.397143675
    0.592930280    4.677805669    1.050986173
    0.596446318    4.652333396  -13.762211258
    0.599962357    4.602995687   -9.734714017
    0.603478395    4.615314053   20.128608848
    0.606994433    4.763486591   66.274614599
    0.610510471    5.071009772  104.615081283
    0.614026510    5.464074604  115.889713302
    0.617542548    5.854050567  105.807532245
    0.621058586    6.216509004  102.311512338
    0.624574624    6.610600696  126.206314583
    0.628090662    7.132327082  174.463363965
    0.631606701    7.844233202  230.297847333
    0.635122739    8.730475620  273.680831436
    0.638638777    9.771739364  318.562831017
    0.642154815   10.968814897  362.212743145
    0.645670854   12.323325912  407.210559974
    0.649186892   13.815428633  438.449262106
    0.652702930   15.378920267  444.917986377
    0.656218968   16.911827275  426.077481526
    0.659735006   18.375047946  409.740168878
    0.663251045   19.831325550  424.314869872
    0.666767083   21.408248234  477.964669321
    0.670283121   23.207726982  546.099188558
    0.673799159   25.231313236  599.227731958
    0.677315197   27.377886567  617.635063395
    0.680831236   29.552855286  618.450710605
    0.684347274   31.746831011  636.933047716
    0.687863312   34.081075203  699.187308170
    0.691379350   36.702317607  793.977014374
    0.694895389   39.649547569  875.429851273
    0.698411427   42.787977452  898.212213852
    0.701927465   45.876318472  846.380007625
    0.705443503   48.666353809  734.308828163
    0.708959541   51.010050713  596.627576630
    0.712475580   52.858226151  456.696415780
    0.715991618   54.240182261  331.661419381
    0.719507656   55.219407552  228.579546945
    0.723023694   55.870478540  145.596160836
    0.726539732   56.262412794   82.553673674
    0.730055771   56.478640689   43.909520090
    0.733571809   56.589063724   20.479624885
    0.737087847   56.637000910    8.313589832
    0.740603885   56.655213294    2.959489078
    0.744119924   56.661705569    1.027368817
    0.747635962   56.662165558   -0.000000000
    0.751152000   56.662165558   -0.000000000
